consent1.x,consent1.y,consent1.leftButton,consent1.midButton,consent1.rightButton,consent1.time,consent1.clicked_name,participant,group,date,expName,psychopyVersion,OS,frameRate,consent2.x,consent2.y,consent2.leftButton,consent2.midButton,consent2.rightButton,consent2.time,consent2.clicked_name,key_resp_20.keys,key_resp_20.rt,age_answer.text,mouse_8.x,mouse_8.y,mouse_8.leftButton,mouse_8.midButton,mouse_8.rightButton,mouse_8.time,mouse_8.clicked_name,residence_answer.text,mouse_2.x,mouse_2.y,mouse_2.leftButton,mouse_2.midButton,mouse_2.rightButton,mouse_2.time,mouse_2.clicked_name,native_lang_answer.text,mouse_9.x,mouse_9.y,mouse_9.leftButton,mouse_9.midButton,mouse_9.rightButton,mouse_9.time,sex_answer.response,sex_answer.rt,education_answer.response,education_answer.rt,hand_answer.response,hand_answer.rt,key_resp_15.keys,key_resp_15.rt,N_language_answer.text,mouse_4.x,mouse_4.y,mouse_4.leftButton,mouse_4.midButton,mouse_4.rightButton,mouse_4.time,langtype_answer_1.text,langage_answer_1.text,langtype_answer_2.text,langage_answer_2.text,langtype_answer_3.text,langage_answer_3.text,langtype_answer_4.text,langage_answer_4.text,langtype_answer_5.text,langage_answer_5.text,langtype_answer_6.text,langage_answer_6.text,mouse_5.x,mouse_5.y,mouse_5.leftButton,mouse_5.midButton,mouse_5.rightButton,mouse_5.time,N_lang_use_answer.text,mouse_6.x,mouse_6.y,mouse_6.leftButton,mouse_6.midButton,mouse_6.rightButton,mouse_6.time,mouse_6.clicked_name,ability_learnL2_answer.response,ability_learnL2_answer.rt,tendence_mixlang_answer.response,tendence_mixlang_answer.rt,lan_deficit_answer.response,lan_deficit_answer.rt,aud_deficit_answer.response,aud_deficit_answer.rt,key_resp_8.keys,key_resp_8.rt,music_expertise_answer.response,music_expertise_answer.rt,instr_type_answer_1.text,instr_age_answer_1.text,instr_type_answer_2.text,instr_age_answer_2.text,instr_type_answer_3.text,instr_age_answer_3.text,instr_type_answer_4.text,instr_age_answer_4.text,instr_type_answer_5.text,instr_age_answer_5.text,mouse_7.x,mouse_7.y,mouse_7.leftButton,mouse_7.midButton,mouse_7.rightButton,mouse_7.time,instrument_use_answer.response,instrument_use_answer.rt,partiture_answer.response,partiture_answer.rt,key_resp_21.keys,key_resp_21.rt,BMRQ_answer.response,BMRQ_answer.rt,BMRQ.thisRepN,BMRQ.thisTrialN,BMRQ.thisN,BMRQ.thisIndex,BMRQ.ran,preguntas_musica1,key_resp_6.keys,key_resp_6.rt,key_resp1.keys,key_resp1.rt,key_resp_10.keys,key_resp_10.rt,key_ressp2.keys,key_ressp2.rt,key_resp_9.keys,key_resp_9.rt,key_resp_3.keys,key_resp_3.rt,key_resp1_2.keys,key_resp1_2.rt,key_resp1_3.keys,key_resp1_3.rt,key_resp_11.keys,key_resp_11.rt,key_resp_12.keys,key_resp_12.rt,key_resp_18.keys,key_resp_18.rt,key_resp1_4.keys,key_resp1_4.rt,syllable_catch.keys,audios_online.thisRepN,audios_online.thisTrialN,audios_online.thisN,audios_online.thisIndex,audios_online.ran,dirs,timeA,timeB,s1,s2,s3,s4,s5,s6,s7,s8,s9,s10,s11,syllable_catch.rt,Online_loop.thisRepN,Online_loop.thisTrialN,Online_loop.thisN,Online_loop.thisIndex,Online_loop.ran,condA,condB,ord,colour,key_resp4.keys,key_resp4.rt,key_resp_4.keys,key_resp_4.rt,Partz_no_partm.keys,Partz_no_partm.rt,security_1_7.keys,security_1_7.rt,Offline_test.thisRepN,Offline_test.thisTrialN,Offline_test.thisN,Offline_test.thisIndex,Offline_test.ran,test,key_resp_13.keys,key_resp_13.rt,trials.thisRepN,trials.thisTrialN,trials.thisN,trials.thisIndex,trials.ran,seq,online_dir,test_dir,audio_offline,key_resp_19.keys,key_resp_19.rt,complex_1_2_3_4.keys,complex_1_2_3_4.rt,trials_2.thisRepN,trials_2.thisTrialN,trials_2.thisN,trials_2.thisIndex,trials_2.ran,pregunta,L1,L2,L3,L4,key_resp6.keys,key_resp6.rt,END_textbox.text,mouse.x,mouse.y,mouse.leftButton,mouse.midButton,mouse.rightButton,mouse.time,mouse.clicked_name
[-0.010514322916666667],[-0.26286168981481484],[1],[0],[0],[41.0905],"[""informed_consent_accepted""]",s114,A,2024-02-19_20h04.52.495,Unsyncopated_study2,2022.2.5,MacIntel,120.4819277,,,,,,,,,,,,,,,,,,,,,,,,,,,,,,,,,,,,,,,,,,,,,,,,,,,,,,,,,,,,,,,,,,,,,,,,,,,,,,,,,,,,,,,,,,,,,,,,,,,,,,,,,,,,,,,,,,,,,,,,,,,,,,,,,,,,,,,,,,,,,,,,,,,,,,,,,,,,,,,,,,,,,,,,,,,,,,,,,,,,,,,,,,,,,,,,,,,,,,,,,,,,,,,,,,,,,,,,,,
,,,,,,,s114,A,2024-02-19_20h04.52.495,Unsyncopated_study2,2022.2.5,MacIntel,120.4819277,[0.06669921875],[-0.30637297453703705],[1],[0],[0],[14.254000000000005],"[""treatment_data_accepted""]",,,,,,,,,,,,,,,,,,,,,,,,,,,,,,,,,,,,,,,,,,,,,,,,,,,,,,,,,,,,,,,,,,,,,,,,,,,,,,,,,,,,,,,,,,,,,,,,,,,,,,,,,,,,,,,,,,,,,,,,,,,,,,,,,,,,,,,,,,,,,,,,,,,,,,,,,,,,,,,,,,,,,,,,,,,,,,,,,,,,,,,,,,,,,,,,,,,,,,,,,,,,,,,,,,,
,,,,,,,s114,A,2024-02-19_20h04.52.495,Unsyncopated_study2,2022.2.5,MacIntel,120.4819277,,,,,,,,space,68.554,,,,,,,,,,,,,,,,,,,,,,,,,,,,,,,,,,,,,,,,,,,,,,,,,,,,,,,,,,,,,,,,,,,,,,,,,,,,,,,,,,,,,,,,,,,,,,,,,,,,,,,,,,,,,,,,,,,,,,,,,,,,,,,,,,,,,,,,,,,,,,,,,,,,,,,,,,,,,,,,,,,,,,,,,,,,,,,,,,,,,,,,,,,,,,,,,,,,,,,,,,,,,,,,,
,,,,,,,s114,A,2024-02-19_20h04.52.495,Unsyncopated_study2,2022.2.5,MacIntel,120.4819277,,,,,,,,,,18,[0.030750868055555554],[-0.3089916087962963],[1],[0],[0],[10.584000000000003],"[""text_77""]",,,,,,,,,,,,,,,,,,,,,,,,,,,,,,,,,,,,,,,,,,,,,,,,,,,,,,,,,,,,,,,,,,,,,,,,,,,,,,,,,,,,,,,,,,,,,,,,,,,,,,,,,,,,,,,,,,,,,,,,,,,,,,,,,,,,,,,,,,,,,,,,,,,,,,,,,,,,,,,,,,,,,,,,,,,,,,,,,,,,,,,,,,,,,,,,,,,,,,,,,
,,,,,,,s114,A,2024-02-19_20h04.52.495,Unsyncopated_study2,2022.2.5,MacIntel,120.4819277,,,,,,,,,,,,,,,,,,Espana,"[0.09208622685185185,-0.0047164351851851855,-0.03654513888888889]","[0.042075376157407404,0.13924696180555557,-0.3134765625]","[1,1,1]","[0,0,0]","[0,0,0]","[2.1366999999992515,3.6763999999984946,26.23559999999776]","[""text_77""]",,,,,,,,,,,,,,,,,,,,,,,,,,,,,,,,,,,,,,,,,,,,,,,,,,,,,,,,,,,,,,,,,,,,,,,,,,,,,,,,,,,,,,,,,,,,,,,,,,,,,,,,,,,,,,,,,,,,,,,,,,,,,,,,,,,,,,,,,,,,,,,,,,,,,,,,,,,,,,,,,,,,,,,,,,,,,,,,,,,,,,,,,,,,,,,,,
,,,,,,,s114,A,2024-02-19_20h04.52.495,Unsyncopated_study2,2022.2.5,MacIntel,120.4819277,,,,,,,,,,,,,,,,,,,,,,,,,,Espanol,[0.0035517939814814813],[-0.30047743055555554],[1],[0],[0],[20.46739999999849],,,,,,,,,,,,,,,,,,,,,,,,,,,,,,,,,,,,,,,,,,,,,,,,,,,,,,,,,,,,,,,,,,,,,,,,,,,,,,,,,,,,,,,,,,,,,,,,,,,,,,,,,,,,,,,,,,,,,,,,,,,,,,,,,,,,,,,,,,,,,,,,,,,,,,,,,,,,,,,,,,,,,,,,,,,,,,,,,,,,,,,,,,
,,,,,,,s114,A,2024-02-19_20h04.52.495,Unsyncopated_study2,2022.2.5,MacIntel,120.4819277,,,,,,,,,,,,,,,,,,,,,,,,,,,,,,,,,2,4.8555,,,,,,,,,,,,,,,,,,,,,,,,,,,,,,,,,,,,,,,,,,,,,,,,,,,,,,,,,,,,,,,,,,,,,,,,,,,,,,,,,,,,,,,,,,,,,,,,,,,,,,,,,,,,,,,,,,,,,,,,,,,,,,,,,,,,,,,,,,,,,,,,,,,,,,,,,,,,,,,,,,,,,,,,,,,,,,,,,,,,,,,,
,,,,,,,s114,A,2024-02-19_20h04.52.495,Unsyncopated_study2,2022.2.5,MacIntel,120.4819277,,,,,,,,,,,,,,,,,,,,,,,,,,,,,,,,,,,1,9.8115,,,,,,,,,,,,,,,,,,,,,,,,,,,,,,,,,,,,,,,,,,,,,,,,,,,,,,,,,,,,,,,,,,,,,,,,,,,,,,,,,,,,,,,,,,,,,,,,,,,,,,,,,,,,,,,,,,,,,,,,,,,,,,,,,,,,,,,,,,,,,,,,,,,,,,,,,,,,,,,,,,,,,,,,,,,,,,,,,,,,,,
,,,,,,,s114,A,2024-02-19_20h04.52.495,Unsyncopated_study2,2022.2.5,MacIntel,120.4819277,,,,,,,,,,,,,,,,,,,,,,,,,,,,,,,,,,,,,2,3.0594,,,,,,,,,,,,,,,,,,,,,,,,,,,,,,,,,,,,,,,,,,,,,,,,,,,,,,,,,,,,,,,,,,,,,,,,,,,,,,,,,,,,,,,,,,,,,,,,,,,,,,,,,,,,,,,,,,,,,,,,,,,,,,,,,,,,,,,,,,,,,,,,,,,,,,,,,,,,,,,,,,,,,,,,,,,,,,,,,,,,
,,,,,,,s114,A,2024-02-19_20h04.52.495,Unsyncopated_study2,2022.2.5,MacIntel,120.4819277,,,,,,,,,,,,,,,,,,,,,,,,,,,,,,,,,,,,,,,space,4.0857,,,,,,,,,,,,,,,,,,,,,,,,,,,,,,,,,,,,,,,,,,,,,,,,,,,,,,,,,,,,,,,,,,,,,,,,,,,,,,,,,,,,,,,,,,,,,,,,,,,,,,,,,,,,,,,,,,,,,,,,,,,,,,,,,,,,,,,,,,,,,,,,,,,,,,,,,,,,,,,,,,,,,,,,,,,,,,,,,,
,,,,,,,s114,A,2024-02-19_20h04.52.495,Unsyncopated_study2,2022.2.5,MacIntel,120.4819277,,,,,,,,,,,,,,,,,,,,,,,,,,,,,,,,,,,,,,,,,3 ,[0.05490451388888889],[-0.28007450810185186],[1],[0],[0],[7.85629999999702],,,,,,,,,,,,,,,,,,,,,,,,,,,,,,,,,,,,,,,,,,,,,,,,,,,,,,,,,,,,,,,,,,,,,,,,,,,,,,,,,,,,,,,,,,,,,,,,,,,,,,,,,,,,,,,,,,,,,,,,,,,,,,,,,,,,,,,,,,,,,,,,,,,,,,,,,,,,,,,,,,,,,,,,,,,
,,,,,,,s114,A,2024-02-19_20h04.52.495,Unsyncopated_study2,2022.2.5,MacIntel,120.4819277,,,,,,,,,,,,,,,,,,,,,,,,,,,,,,,,,,,,,,,,,,,,,,,,Castellano,0,Ingles,5,Catalan,10,,,,,,,"[-0.22614655671296297,-0.3007667824074074,0.13017216435185186,0.1920066550925926,-0.2445095486111111,-0.2445095486111111,0.15423177083333334,-0.27539424189814815,-0.2896412037037037,-0.26986762152777777,0.062413194444444445]","[0.12818287037037038,0.13406394675925926,0.12594401041666667,0.13172743055555555,0.05481409143518518,0.05481409143518518,0.06131365740740741,0.07152416087962964,0.0026548032407407406,-0.015216290509259258,-0.35371455439814814]","[1,1,1,1,1,1,1,1,1,1,1]","[0,0,0,0,0,0,0,0,0,0,0]","[0,0,0,0,0,0,0,0,0,0,0]","[22.527099999997745,37.251199999999244,45.89289999999852,47.425799999997025,49.38479999999703,52.734399999998516,68.61789999999849,74.66809999999776,79.75099999999998,80.73399999999998,119.60869999999926]",,,,,,,,,,,,,,,,,,,,,,,,,,,,,,,,,,,,,,,,,,,,,,,,,,,,,,,,,,,,,,,,,,,,,,,,,,,,,,,,,,,,,,,,,,,,,,,,,,,,,,,,,,,,,,,,,,,,,,,,,,,,,,,,,,,,,,,,,,,,,,,,,,,,,,,,,
,,,,,,,s114,A,2024-02-19_20h04.52.495,Unsyncopated_study2,2022.2.5,MacIntel,120.4819277,,,,,,,,,,,,,,,,,,,,,,,,,,,,,,,,,,,,,,,,,,,,,,,,,,,,,,,,,,,,,,,,,,3,"[-0.030269820601851852,-0.09300853587962964]","[-0.09057074652777777,-0.3088179976851852]","[1,1]","[0,0]","[0,0]","[11.887199999999268,14.695600000001491]","[""text_77""]",,,,,,,,,,,,,,,,,,,,,,,,,,,,,,,,,,,,,,,,,,,,,,,,,,,,,,,,,,,,,,,,,,,,,,,,,,,,,,,,,,,,,,,,,,,,,,,,,,,,,,,,,,,,,,,,,,,,,,,,,,,,,,,,,,,,,,,,,,,,,,,,,
,,,,,,,s114,A,2024-02-19_20h04.52.495,Unsyncopated_study2,2022.2.5,MacIntel,120.4819277,,,,,,,,,,,,,,,,,,,,,,,,,,,,,,,,,,,,,,,,,,,,,,,,,,,,,,,,,,,,,,,,,,,,,,,,,,4,11.0238,,,,,,,,,,,,,,,,,,,,,,,,,,,,,,,,,,,,,,,,,,,,,,,,,,,,,,,,,,,,,,,,,,,,,,,,,,,,,,,,,,,,,,,,,,,,,,,,,,,,,,,,,,,,,,,,,,,,,,,,,,,,,,,,,,,,,,,,,,,,,,,
,,,,,,,s114,A,2024-02-19_20h04.52.495,Unsyncopated_study2,2022.2.5,MacIntel,120.4819277,,,,,,,,,,,,,,,,,,,,,,,,,,,,,,,,,,,,,,,,,,,,,,,,,,,,,,,,,,,,,,,,,,,,,,,,,,,,3,7.1382,,,,,,,,,,,,,,,,,,,,,,,,,,,,,,,,,,,,,,,,,,,,,,,,,,,,,,,,,,,,,,,,,,,,,,,,,,,,,,,,,,,,,,,,,,,,,,,,,,,,,,,,,,,,,,,,,,,,,,,,,,,,,,,,,,,,,,,,,,,,,
,,,,,,,s114,A,2024-02-19_20h04.52.495,Unsyncopated_study2,2022.2.5,MacIntel,120.4819277,,,,,,,,,,,,,,,,,,,,,,,,,,,,,,,,,,,,,,,,,,,,,,,,,,,,,,,,,,,,,,,,,,,,,,,,,,,,,,0,5.1995,,,,,,,,,,,,,,,,,,,,,,,,,,,,,,,,,,,,,,,,,,,,,,,,,,,,,,,,,,,,,,,,,,,,,,,,,,,,,,,,,,,,,,,,,,,,,,,,,,,,,,,,,,,,,,,,,,,,,,,,,,,,,,,,,,,,,,,,,,,
,,,,,,,s114,A,2024-02-19_20h04.52.495,Unsyncopated_study2,2022.2.5,MacIntel,120.4819277,,,,,,,,,,,,,,,,,,,,,,,,,,,,,,,,,,,,,,,,,,,,,,,,,,,,,,,,,,,,,,,,,,,,,,,,,,,,,,,,0,2.5266,,,,,,,,,,,,,,,,,,,,,,,,,,,,,,,,,,,,,,,,,,,,,,,,,,,,,,,,,,,,,,,,,,,,,,,,,,,,,,,,,,,,,,,,,,,,,,,,,,,,,,,,,,,,,,,,,,,,,,,,,,,,,,,,,,,,,,,,,
,,,,,,,s114,A,2024-02-19_20h04.52.495,Unsyncopated_study2,2022.2.5,MacIntel,120.4819277,,,,,,,,,,,,,,,,,,,,,,,,,,,,,,,,,,,,,,,,,,,,,,,,,,,,,,,,,,,,,,,,,,,,,,,,,,,,,,,,,,space,4.496,,,,,,,,,,,,,,,,,,,,,,,,,,,,,,,,,,,,,,,,,,,,,,,,,,,,,,,,,,,,,,,,,,,,,,,,,,,,,,,,,,,,,,,,,,,,,,,,,,,,,,,,,,,,,,,,,,,,,,,,,,,,,,,,,,,,,,,
,,,,,,,s114,A,2024-02-19_20h04.52.495,Unsyncopated_study2,2022.2.5,MacIntel,120.4819277,,,,,,,,,,,,,,,,,,,,,,,,,,,,,,,,,,,,,,,,,,,,,,,,,,,,,,,,,,,,,,,,,,,,,,,,,,,,,,,,,,,,1,3.5256,,,,,,,,,,,,,,,,,,,,,,,,,,,,,,,,,,,,,,,,,,,,,,,,,,,,,,,,,,,,,,,,,,,,,,,,,,,,,,,,,,,,,,,,,,,,,,,,,,,,,,,,,,,,,,,,,,,,,,,,,,,,,,,,,,,,,
,,,,,,,s114,A,2024-02-19_20h04.52.495,Unsyncopated_study2,2022.2.5,MacIntel,120.4819277,,,,,,,,,,,,,,,,,,,,,,,,,,,,,,,,,,,,,,,,,,,,,,,,,,,,,,,,,,,,,,,,,,,,,,,,,,,,,,,,,,,,,,Canto,5,Piano,7,,,,,,,"[-0.198828125,-0.26998697916666664,0.17470341435185185,-0.1782081886574074,0.13038194444444445,0.07548104745370371]","[0.1293438946759259,0.1651511863425926,0.12288049768518519,0.07101056134259259,0.043059172453703706,-0.3328595196759259]","[1,1,1,1,1,1]","[0,0,0,0,0,0]","[0,0,0,0,0,0]","[15.955199999999252,16.94749999999999,20.088600000001463,22.039499999999975,25.671100000001445,35.45519999999925]",,,,,,,,,,,,,,,,,,,,,,,,,,,,,,,,,,,,,,,,,,,,,,,,,,,,,,,,,,,,,,,,,,,,,,,,,,,,,,,,,,,,,,,,,,,,,,,,,,,,,,,,,,,,,,,,,,,,,
,,,,,,,s114,A,2024-02-19_20h04.52.495,Unsyncopated_study2,2022.2.5,MacIntel,120.4819277,,,,,,,,,,,,,,,,,,,,,,,,,,,,,,,,,,,,,,,,,,,,,,,,,,,,,,,,,,,,,,,,,,,,,,,,,,,,,,,,,,,,,,,,,,,,,,,,,,,,,,0,2.8029,,,,,,,,,,,,,,,,,,,,,,,,,,,,,,,,,,,,,,,,,,,,,,,,,,,,,,,,,,,,,,,,,,,,,,,,,,,,,,,,,,,,,,,,,,,,,,,,,,,,,,,,,,,,,,,,,,,
,,,,,,,s114,A,2024-02-19_20h04.52.495,Unsyncopated_study2,2022.2.5,MacIntel,120.4819277,,,,,,,,,,,,,,,,,,,,,,,,,,,,,,,,,,,,,,,,,,,,,,,,,,,,,,,,,,,,,,,,,,,,,,,,,,,,,,,,,,,,,,,,,,,,,,,,,,,,,,,,0,2.3871,,,,,,,,,,,,,,,,,,,,,,,,,,,,,,,,,,,,,,,,,,,,,,,,,,,,,,,,,,,,,,,,,,,,,,,,,,,,,,,,,,,,,,,,,,,,,,,,,,,,,,,,,,,,,,,,,
,,,,,,,s114,A,2024-02-19_20h04.52.495,Unsyncopated_study2,2022.2.5,MacIntel,120.4819277,,,,,,,,,,,,,,,,,,,,,,,,,,,,,,,,,,,,,,,,,,,,,,,,,,,,,,,,,,,,,,,,,,,,,,,,,,,,,,,,,,,,,,,,,,,,,,,,,,,,,,,,,,space,19.9318,,,,,,,,,,,,,,,,,,,,,,,,,,,,,,,,,,,,,,,,,,,,,,,,,,,,,,,,,,,,,,,,,,,,,,,,,,,,,,,,,,,,,,,,,,,,,,,,,,,,,,,,,,,,,,,
,,,,,,,s114,A,2024-02-19_20h04.52.495,Unsyncopated_study2,2022.2.5,MacIntel,120.4819277,,,,,,,,,,,,,,,,,,,,,,,,,,,,,,,,,,,,,,,,,,,,,,,,,,,,,,,,,,,,,,,,,,,,,,,,,,,,,,,,,,,,,,,,,,,,,,,,,,,,,,,,,,,,4,6.1197,0,0,0,0,1,1. Cuando comparto música con alguien siento una complicidad especial con aquella persona.,,,,,,,,,,,,,,,,,,,,,,,,,,,,,,,,,,,,,,,,,,,,,,,,,,,,,,,,,,,,,,,,,,,,,,,,,,,,,,,,,,,,,,,,,,,,,,,,,,,,,,,
,,,,,,,s114,A,2024-02-19_20h04.52.495,Unsyncopated_study2,2022.2.5,MacIntel,120.4819277,,,,,,,,,,,,,,,,,,,,,,,,,,,,,,,,,,,,,,,,,,,,,,,,,,,,,,,,,,,,,,,,,,,,,,,,,,,,,,,,,,,,,,,,,,,,,,,,,,,,,,,,,,,,0,5.0148,0,1,1,1,1,2. En mi tiempo libre apenas escucho música.,,,,,,,,,,,,,,,,,,,,,,,,,,,,,,,,,,,,,,,,,,,,,,,,,,,,,,,,,,,,,,,,,,,,,,,,,,,,,,,,,,,,,,,,,,,,,,,,,,,,,,,
,,,,,,,s114,A,2024-02-19_20h04.52.495,Unsyncopated_study2,2022.2.5,MacIntel,120.4819277,,,,,,,,,,,,,,,,,,,,,,,,,,,,,,,,,,,,,,,,,,,,,,,,,,,,,,,,,,,,,,,,,,,,,,,,,,,,,,,,,,,,,,,,,,,,,,,,,,,,,,,,,,,,4,3.3993,0,2,2,2,1,3. Algunas canciones me ponen los pelos de punta,,,,,,,,,,,,,,,,,,,,,,,,,,,,,,,,,,,,,,,,,,,,,,,,,,,,,,,,,,,,,,,,,,,,,,,,,,,,,,,,,,,,,,,,,,,,,,,,,,,,,,,
,,,,,,,s114,A,2024-02-19_20h04.52.495,Unsyncopated_study2,2022.2.5,MacIntel,120.4819277,,,,,,,,,,,,,,,,,,,,,,,,,,,,,,,,,,,,,,,,,,,,,,,,,,,,,,,,,,,,,,,,,,,,,,,,,,,,,,,,,,,,,,,,,,,,,,,,,,,,,,,,,,,,4,2.9933,0,3,3,3,1,4. La música me hace compañía cuando estoy solo,,,,,,,,,,,,,,,,,,,,,,,,,,,,,,,,,,,,,,,,,,,,,,,,,,,,,,,,,,,,,,,,,,,,,,,,,,,,,,,,,,,,,,,,,,,,,,,,,,,,,,,
,,,,,,,s114,A,2024-02-19_20h04.52.495,Unsyncopated_study2,2022.2.5,MacIntel,120.4819277,,,,,,,,,,,,,,,,,,,,,,,,,,,,,,,,,,,,,,,,,,,,,,,,,,,,,,,,,,,,,,,,,,,,,,,,,,,,,,,,,,,,,,,,,,,,,,,,,,,,,,,,,,,,0,4.0976,0,4,4,4,1,5. No me apetece bailar ni con la música que más me gusta,,,,,,,,,,,,,,,,,,,,,,,,,,,,,,,,,,,,,,,,,,,,,,,,,,,,,,,,,,,,,,,,,,,,,,,,,,,,,,,,,,,,,,,,,,,,,,,,,,,,,,,
,,,,,,,s114,A,2024-02-19_20h04.52.495,Unsyncopated_study2,2022.2.5,MacIntel,120.4819277,,,,,,,,,,,,,,,,,,,,,,,,,,,,,,,,,,,,,,,,,,,,,,,,,,,,,,,,,,,,,,,,,,,,,,,,,,,,,,,,,,,,,,,,,,,,,,,,,,,,,,,,,,,,3,4.1126,0,5,5,5,1,6. La música me hace conectar con la gente,,,,,,,,,,,,,,,,,,,,,,,,,,,,,,,,,,,,,,,,,,,,,,,,,,,,,,,,,,,,,,,,,,,,,,,,,,,,,,,,,,,,,,,,,,,,,,,,,,,,,,,
,,,,,,,s114,A,2024-02-19_20h04.52.495,Unsyncopated_study2,2022.2.5,MacIntel,120.4819277,,,,,,,,,,,,,,,,,,,,,,,,,,,,,,,,,,,,,,,,,,,,,,,,,,,,,,,,,,,,,,,,,,,,,,,,,,,,,,,,,,,,,,,,,,,,,,,,,,,,,,,,,,,,2,3.4595,0,6,6,6,1,7. Me informo sobre la música que me gusta.,,,,,,,,,,,,,,,,,,,,,,,,,,,,,,,,,,,,,,,,,,,,,,,,,,,,,,,,,,,,,,,,,,,,,,,,,,,,,,,,,,,,,,,,,,,,,,,,,,,,,,,
,,,,,,,s114,A,2024-02-19_20h04.52.495,Unsyncopated_study2,2022.2.5,MacIntel,120.4819277,,,,,,,,,,,,,,,,,,,,,,,,,,,,,,,,,,,,,,,,,,,,,,,,,,,,,,,,,,,,,,,,,,,,,,,,,,,,,,,,,,,,,,,,,,,,,,,,,,,,,,,,,,,,4,9.2958,0,7,7,7,1,8.Me emociono escuchando ciertas canciones.,,,,,,,,,,,,,,,,,,,,,,,,,,,,,,,,,,,,,,,,,,,,,,,,,,,,,,,,,,,,,,,,,,,,,,,,,,,,,,,,,,,,,,,,,,,,,,,,,,,,,,,
,,,,,,,s114,A,2024-02-19_20h04.52.495,Unsyncopated_study2,2022.2.5,MacIntel,120.4819277,,,,,,,,,,,,,,,,,,,,,,,,,,,,,,,,,,,,,,,,,,,,,,,,,,,,,,,,,,,,,,,,,,,,,,,,,,,,,,,,,,,,,,,,,,,,,,,,,,,,,,,,,,,,4,6.0083,0,8,8,8,1,9.La música me tranquiliza y me relaja.,,,,,,,,,,,,,,,,,,,,,,,,,,,,,,,,,,,,,,,,,,,,,,,,,,,,,,,,,,,,,,,,,,,,,,,,,,,,,,,,,,,,,,,,,,,,,,,,,,,,,,,
,,,,,,,s114,A,2024-02-19_20h04.52.495,Unsyncopated_study2,2022.2.5,MacIntel,120.4819277,,,,,,,,,,,,,,,,,,,,,,,,,,,,,,,,,,,,,,,,,,,,,,,,,,,,,,,,,,,,,,,,,,,,,,,,,,,,,,,,,,,,,,,,,,,,,,,,,,,,,,,,,,,,4,2.5313,0,9,9,9,1,10.La música me hace bailar,,,,,,,,,,,,,,,,,,,,,,,,,,,,,,,,,,,,,,,,,,,,,,,,,,,,,,,,,,,,,,,,,,,,,,,,,,,,,,,,,,,,,,,,,,,,,,,,,,,,,,,
,,,,,,,s114,A,2024-02-19_20h04.52.495,Unsyncopated_study2,2022.2.5,MacIntel,120.4819277,,,,,,,,,,,,,,,,,,,,,,,,,,,,,,,,,,,,,,,,,,,,,,,,,,,,,,,,,,,,,,,,,,,,,,,,,,,,,,,,,,,,,,,,,,,,,,,,,,,,,,,,,,,,2,2.5188,0,10,10,10,1,11.Busco novedades musicales continuamente,,,,,,,,,,,,,,,,,,,,,,,,,,,,,,,,,,,,,,,,,,,,,,,,,,,,,,,,,,,,,,,,,,,,,,,,,,,,,,,,,,,,,,,,,,,,,,,,,,,,,,,
,,,,,,,s114,A,2024-02-19_20h04.52.495,Unsyncopated_study2,2022.2.5,MacIntel,120.4819277,,,,,,,,,,,,,,,,,,,,,,,,,,,,,,,,,,,,,,,,,,,,,,,,,,,,,,,,,,,,,,,,,,,,,,,,,,,,,,,,,,,,,,,,,,,,,,,,,,,,,,,,,,,,4,1.7885,0,11,11,11,1,12. Puedo llorar cuando escucho algunas melodías que me gustan mucho.,,,,,,,,,,,,,,,,,,,,,,,,,,,,,,,,,,,,,,,,,,,,,,,,,,,,,,,,,,,,,,,,,,,,,,,,,,,,,,,,,,,,,,,,,,,,,,,,,,,,,,,
,,,,,,,s114,A,2024-02-19_20h04.52.495,Unsyncopated_study2,2022.2.5,MacIntel,120.4819277,,,,,,,,,,,,,,,,,,,,,,,,,,,,,,,,,,,,,,,,,,,,,,,,,,,,,,,,,,,,,,,,,,,,,,,,,,,,,,,,,,,,,,,,,,,,,,,,,,,,,,,,,,,,3,3.5788,0,12,12,12,1,13. Me gusta cantar o tocar un instrumento con más gente,,,,,,,,,,,,,,,,,,,,,,,,,,,,,,,,,,,,,,,,,,,,,,,,,,,,,,,,,,,,,,,,,,,,,,,,,,,,,,,,,,,,,,,,,,,,,,,,,,,,,,,
,,,,,,,s114,A,2024-02-19_20h04.52.495,Unsyncopated_study2,2022.2.5,MacIntel,120.4819277,,,,,,,,,,,,,,,,,,,,,,,,,,,,,,,,,,,,,,,,,,,,,,,,,,,,,,,,,,,,,,,,,,,,,,,,,,,,,,,,,,,,,,,,,,,,,,,,,,,,,,,,,,,,4,2.6623,0,13,13,13,1,14. La música me ayuda a desconectar.,,,,,,,,,,,,,,,,,,,,,,,,,,,,,,,,,,,,,,,,,,,,,,,,,,,,,,,,,,,,,,,,,,,,,,,,,,,,,,,,,,,,,,,,,,,,,,,,,,,,,,,
,,,,,,,s114,A,2024-02-19_20h04.52.495,Unsyncopated_study2,2022.2.5,MacIntel,120.4819277,,,,,,,,,,,,,,,,,,,,,,,,,,,,,,,,,,,,,,,,,,,,,,,,,,,,,,,,,,,,,,,,,,,,,,,,,,,,,,,,,,,,,,,,,,,,,,,,,,,,,,,,,,,,4,2.0532,0,14,14,14,1,15. No puedo evitar tararear las canciones que me gustan cuando las escucho.,,,,,,,,,,,,,,,,,,,,,,,,,,,,,,,,,,,,,,,,,,,,,,,,,,,,,,,,,,,,,,,,,,,,,,,,,,,,,,,,,,,,,,,,,,,,,,,,,,,,,,,
,,,,,,,s114,A,2024-02-19_20h04.52.495,Unsyncopated_study2,2022.2.5,MacIntel,120.4819277,,,,,,,,,,,,,,,,,,,,,,,,,,,,,,,,,,,,,,,,,,,,,,,,,,,,,,,,,,,,,,,,,,,,,,,,,,,,,,,,,,,,,,,,,,,,,,,,,,,,,,,,,,,,4,3.0287,0,15,15,15,1,16. En los conciertos me siento en sintonía con los artistas y el público.,,,,,,,,,,,,,,,,,,,,,,,,,,,,,,,,,,,,,,,,,,,,,,,,,,,,,,,,,,,,,,,,,,,,,,,,,,,,,,,,,,,,,,,,,,,,,,,,,,,,,,,
,,,,,,,s114,A,2024-02-19_20h04.52.495,Unsyncopated_study2,2022.2.5,MacIntel,120.4819277,,,,,,,,,,,,,,,,,,,,,,,,,,,,,,,,,,,,,,,,,,,,,,,,,,,,,,,,,,,,,,,,,,,,,,,,,,,,,,,,,,,,,,,,,,,,,,,,,,,,,,,,,,,,3,6.8004,0,16,16,16,1,17. Me gasto bastante dinero en música y cosas relacionadas con la música.,,,,,,,,,,,,,,,,,,,,,,,,,,,,,,,,,,,,,,,,,,,,,,,,,,,,,,,,,,,,,,,,,,,,,,,,,,,,,,,,,,,,,,,,,,,,,,,,,,,,,,,
,,,,,,,s114,A,2024-02-19_20h04.52.495,Unsyncopated_study2,2022.2.5,MacIntel,120.4819277,,,,,,,,,,,,,,,,,,,,,,,,,,,,,,,,,,,,,,,,,,,,,,,,,,,,,,,,,,,,,,,,,,,,,,,,,,,,,,,,,,,,,,,,,,,,,,,,,,,,,,,,,,,,4,4.6782,0,17,17,17,1,18. Siento escalofríos cuando escucho una melodía que me gusta.,,,,,,,,,,,,,,,,,,,,,,,,,,,,,,,,,,,,,,,,,,,,,,,,,,,,,,,,,,,,,,,,,,,,,,,,,,,,,,,,,,,,,,,,,,,,,,,,,,,,,,,
,,,,,,,s114,A,2024-02-19_20h04.52.495,Unsyncopated_study2,2022.2.5,MacIntel,120.4819277,,,,,,,,,,,,,,,,,,,,,,,,,,,,,,,,,,,,,,,,,,,,,,,,,,,,,,,,,,,,,,,,,,,,,,,,,,,,,,,,,,,,,,,,,,,,,,,,,,,,,,,,,,,,4,1.8121,0,18,18,18,1,19. Con la música me puedo desahogar.,,,,,,,,,,,,,,,,,,,,,,,,,,,,,,,,,,,,,,,,,,,,,,,,,,,,,,,,,,,,,,,,,,,,,,,,,,,,,,,,,,,,,,,,,,,,,,,,,,,,,,,
,,,,,,,s114,A,2024-02-19_20h04.52.495,Unsyncopated_study2,2022.2.5,MacIntel,120.4819277,,,,,,,,,,,,,,,,,,,,,,,,,,,,,,,,,,,,,,,,,,,,,,,,,,,,,,,,,,,,,,,,,,,,,,,,,,,,,,,,,,,,,,,,,,,,,,,,,,,,,,,,,,,,4,8.289,0,19,19,19,1,20. Cuando escucho una melodía que me gusta mucho no puedo evitar mover el cuerpo.,,,,,,,,,,,,,,,,,,,,,,,,,,,,,,,,,,,,,,,,,,,,,,,,,,,,,,,,,,,,,,,,,,,,,,,,,,,,,,,,,,,,,,,,,,,,,,,,,,,,,,,
,,,,,,,s114,A,2024-02-19_20h04.52.495,Unsyncopated_study2,2022.2.5,MacIntel,120.4819277,,,,,,,,,,,,,,,,,,,,,,,,,,,,,,,,,,,,,,,,,,,,,,,,,,,,,,,,,,,,,,,,,,,,,,,,,,,,,,,,,,,,,,,,,,,,,,,,,,,,,,,,,,,,,,,,,,,,space,9.8817,,,,,,,,,,,,,,,,,,,,,,,,,,,,,,,,,,,,,,,,,,,,,,,,,,,,,,,,,,,,,,,,,,,,,,,,,,,,,,,,,,,,,,,,,,,,,,,,,,,,,
,,,,,,,s114,A,2024-02-19_20h04.52.495,Unsyncopated_study2,2022.2.5,MacIntel,120.4819277,,,,,,,,,,,,,,,,,,,,,,,,,,,,,,,,,,,,,,,,,,,,,,,,,,,,,,,,,,,,,,,,,,,,,,,,,,,,,,,,,,,,,,,,,,,,,,,,,,,,,,,,,,,,,,,,,,,,,,space,12.2586,,,,,,,,,,,,,,,,,,,,,,,,,,,,,,,,,,,,,,,,,,,,,,,,,,,,,,,,,,,,,,,,,,,,,,,,,,,,,,,,,,,,,,,,,,,,,,,,,,,
,,,,,,,s114,A,2024-02-19_20h04.52.495,Unsyncopated_study2,2022.2.5,MacIntel,120.4819277,,,,,,,,,,,,,,,,,,,,,,,,,,,,,,,,,,,,,,,,,,,,,,,,,,,,,,,,,,,,,,,,,,,,,,,,,,,,,,,,,,,,,,,,,,,,,,,,,,,,,,,,,,,,,,,,,,,,,,,,space,22.2895,,,,,,,,,,,,,,,,,,,,,,,,,,,,,,,,,,,,,,,,,,,,,,,,,,,,,,,,,,,,,,,,,,,,,,,,,,,,,,,,,,,,,,,,,,,,,,,,,
,,,,,,,s114,A,2024-02-19_20h04.52.495,Unsyncopated_study2,2022.2.5,MacIntel,120.4819277,,,,,,,,,,,,,,,,,,,,,,,,,,,,,,,,,,,,,,,,,,,,,,,,,,,,,,,,,,,,,,,,,,,,,,,,,,,,,,,,,,,,,,,,,,,,,,,,,,,,,,,,,,,,,,,,,,,,,,,,,,space,9.5609,,,,,,,,,,,,,,,,,,,,,,,,,,,,,,,,,,,,,,,,,,,,,,,,,,,,,,,,,,,,,,,,,,,,,,,,,,,,,,,,,,,,,,,,,,,,,,,
,,,,,,,s114,A,2024-02-19_20h04.52.495,Unsyncopated_study2,2022.2.5,MacIntel,120.4819277,,,,,,,,,,,,,,,,,,,,,,,,,,,,,,,,,,,,,,,,,,,,,,,,,,,,,,,,,,,,,,,,,,,,,,,,,,,,,,,,,,,,,,,,,,,,,,,,,,,,,,,,,,,,,,,,,,,,,,,,,,,,space,5.5557,,,,,,,,,,,,,,,,,,,,,,,,,,,,,,,,,,,,,,,,,,,,,,,,,,,,,,,,,,,,,,,,,,,,,,,,,,,,,,,,,,,,,,,,,,,,,
,,,,,,,s114,A,2024-02-19_20h04.52.495,Unsyncopated_study2,2022.2.5,MacIntel,120.4819277,,,,,,,,,,,,,,,,,,,,,,,,,,,,,,,,,,,,,,,,,,,,,,,,,,,,,,,,,,,,,,,,,,,,,,,,,,,,,,,,,,,,,,,,,,,,,,,,,,,,,,,,,,,,,,,,,,,,,,,,,,,,,,space,9.4943,,,,,,,,,,,,,,,,,,,,,,,,,,,,,,,,,,,,,,,,,,,,,,,,,,,,,,,,,,,,,,,,,,,,,,,,,,,,,,,,,,,,,,,,,,,
,,,,,,,s114,A,2024-02-19_20h04.52.495,Unsyncopated_study2,2022.2.5,MacIntel,120.4819277,,,,,,,,,,,,,,,,,,,,,,,,,,,,,,,,,,,,,,,,,,,,,,,,,,,,,,,,,,,,,,,,,,,,,,,,,,,,,,,,,,,,,,,,,,,,,,,,,,,,,,,,,,,,,,,,,,,,,,,,,,,,,,,,space,20.7982,,,,,,,,,,,,,,,,,,,,,,,,,,,,,,,,,,,,,,,,,,,,,,,,,,,,,,,,,,,,,,,,,,,,,,,,,,,,,,,,,,,,,,,,,
,,,,,,,s114,A,2024-02-19_20h04.52.495,Unsyncopated_study2,2022.2.5,MacIntel,120.4819277,,,,,,,,,,,,,,,,,,,,,,,,,,,,,,,,,,,,,,,,,,,,,,,,,,,,,,,,,,,,,,,,,,,,,,,,,,,,,,,,,,,,,,,,,,,,,,,,,,,,,,,,,,,,,,,,,,,,,,,,,,,,,,,,,,space,22.0236,,,,,,,,,,,,,,,,,,,,,,,,,,,,,,,,,,,,,,,,,,,,,,,,,,,,,,,,,,,,,,,,,,,,,,,,,,,,,,,,,,,,,,,
,,,,,,,s114,A,2024-02-19_20h04.52.495,Unsyncopated_study2,2022.2.5,MacIntel,120.4819277,,,,,,,,,,,,,,,,,,,,,,,,,,,,,,,,,,,,,,,,,,,,,,,,,,,,,,,,,,,,,,,,,,,,,,,,,,,,,,,,,,,,,,,,,,,,,,,,,,,,,,,,,,,,,,,,,,,,,,,,,,,,,,,,,,,,space,8.3221,,,,,,,,,,,,,,,,,,,,,,,,,,,,,,,,,,,,,,,,,,,,,,,,,,,,,,,,,,,,,,,,,,,,,,,,,,,,,,,,,,,,,
,,,,,,,s114,A,2024-02-19_20h04.52.495,Unsyncopated_study2,2022.2.5,MacIntel,120.4819277,,,,,,,,,,,,,,,,,,,,,,,,,,,,,,,,,,,,,,,,,,,,,,,,,,,,,,,,,,,,,,,,,,,,,,,,,,,,,,,,,,,,,,,,,,,,,,,,,,,,,,,,,,,,,,,,,,,,,,,,,,,,,,,,,,,,,,space,1.7927,,,,,,,,,,,,,,,,,,,,,,,,,,,,,,,,,,,,,,,,,,,,,,,,,,,,,,,,,,,,,,,,,,,,,,,,,,,,,,,,,,,
,,,,,,,s114,A,2024-02-19_20h04.52.495,Unsyncopated_study2,2022.2.5,MacIntel,120.4819277,,,,,,,,,,,,,,,,,,,,,,,,,,,,,,,,,,,,,,,,,,,,,,,,,,,,,,,,,,,,,,,,,,,,,,,,,,,,,,,,,,,,,,,,,,,,,,,,,,,,,,,,,,,,,,,,,,,,,,,,,,,,,,,,,,,,,,,,space,9.1492,space,8.5137,,0,0,0,0,1,Online_conjL2_un//c.cha.me4.none.none.wav,none,none,mi,ñu,su,sil,fe,bi,to,sil1,ra,ñi,sil2,,,,,,,,,,,,,,,,,,,,,,,,,,,,,,,,,,,,,,,,,,,,,,,,,,,,,,,,,,,
,,,,,,,s114,A,2024-02-19_20h04.52.495,Unsyncopated_study2,2022.2.5,MacIntel,120.4819277,,,,,,,,,,,,,,,,,,,,,,,,,,,,,,,,,,,,,,,,,,,,,,,,,,,,,,,,,,,,,,,,,,,,,,,,,,,,,,,,,,,,,,,,,,,,,,,,,,,,,,,,,,,,,,,,,,,,,,,,,,,,,,,,,,,,,,,,,,,,"[""space""]",0,1,1,2,1,Online_conjL2_un//c.cha.me6.0.222.wav,0,222,cha,me,si,sil,fe,ba,te,sil1,ra,to,sil2,[0.6032000000029711],,,,,,,,,,,,,,,,,,,,,,,,,,,,,,,,,,,,,,,,,,,,,,,,,,,,,,,,,,
,,,,,,,s114,A,2024-02-19_20h04.52.495,Unsyncopated_study2,2022.2.5,MacIntel,120.4819277,,,,,,,,,,,,,,,,,,,,,,,,,,,,,,,,,,,,,,,,,,,,,,,,,,,,,,,,,,,,,,,,,,,,,,,,,,,,,,,,,,,,,,,,,,,,,,,,,,,,,,,,,,,,,,,,,,,,,,,,,,,,,,,,,,,,,,,,,,,,,0,2,2,3,1,Online_conjL2_un//c.cha.me7.none.none.wav,none,none,fe,su,si,sil,ra,te,mi,sil1,ba,to,sil2,,,,,,,,,,,,,,,,,,,,,,,,,,,,,,,,,,,,,,,,,,,,,,,,,,,,,,,,,,,
,,,,,,,s114,A,2024-02-19_20h04.52.495,Unsyncopated_study2,2022.2.5,MacIntel,120.4819277,,,,,,,,,,,,,,,,,,,,,,,,,,,,,,,,,,,,,,,,,,,,,,,,,,,,,,,,,,,,,,,,,,,,,,,,,,,,,,,,,,,,,,,,,,,,,,,,,,,,,,,,,,,,,,,,,,,,,,,,,,,,,,,,,,,,,,,,,,,,"[""space""]",0,3,3,1,1,Online_conjL2_un//c.cha.me5.1332.0.wav,1332,0,me,ñi,mi,sil,go,to,cha,sil1,du,su,sil2,[2.1440000000000055],,,,,,,,,,,,,,,,,,,,,,,,,,,,,,,,,,,,,,,,,,,,,,,,,,,,,,,,,,
,,,,,,,s114,A,2024-02-19_20h04.52.495,Unsyncopated_study2,2022.2.5,MacIntel,120.4819277,,,,,,,,,,,,,,,,,,,,,,,,,,,,,,,,,,,,,,,,,,,,,,,,,,,,,,,,,,,,,,,,,,,,,,,,,,,,,,,,,,,,,,,,,,,,,,,,,,,,,,,,,,,,,,,,,,,,,,,,,,,,,,,,,,,,,,,,,,,,,,,,,,,,,,,,,,,,,,,,,0,0,0,27,1,cha,me,68:72,green,,,,,,,,,,,,,,,,,,,,,,,,,,,,,,,,,,,,,,,,,,,,,,,,,
,,,,,,,s114,A,2024-02-19_20h04.52.495,Unsyncopated_study2,2022.2.5,MacIntel,120.4819277,,,,,,,,,,,,,,,,,,,,,,,,,,,,,,,,,,,,,,,,,,,,,,,,,,,,,,,,,,,,,,,,,,,,,,,,,,,,,,,,,,,,,,,,,,,,,,,,,,,,,,,,,,,,,,,,,,,,,,,,,,,,,,,,,,,,,,,,,,,,,0,0,0,1,1,Online_conjL2_un//d.si.ñu25.none.none.wav,none,none,fe,me,ñi,sil,ra,to,mi,sil1,bi,cha,sil2,,,,,,,,,,,,,,,,,,,,,,,,,,,,,,,,,,,,,,,,,,,,,,,,,,,,,,,,,,,
,,,,,,,s114,A,2024-02-19_20h04.52.495,Unsyncopated_study2,2022.2.5,MacIntel,120.4819277,,,,,,,,,,,,,,,,,,,,,,,,,,,,,,,,,,,,,,,,,,,,,,,,,,,,,,,,,,,,,,,,,,,,,,,,,,,,,,,,,,,,,,,,,,,,,,,,,,,,,,,,,,,,,,,,,,,,,,,,,,,,,,,,,,,,,,,,,,,,"[""space""]",0,1,1,3,1,Online_conjL2_un//d.si.ñu27.1332.0.wav,1332,0,ñu,bi,to,sil,fe,ba,si,sil1,ra,te,sil2,[2.074800000000778],,,,,,,,,,,,,,,,,,,,,,,,,,,,,,,,,,,,,,,,,,,,,,,,,,,,,,,,,,
,,,,,,,s114,A,2024-02-19_20h04.52.495,Unsyncopated_study2,2022.2.5,MacIntel,120.4819277,,,,,,,,,,,,,,,,,,,,,,,,,,,,,,,,,,,,,,,,,,,,,,,,,,,,,,,,,,,,,,,,,,,,,,,,,,,,,,,,,,,,,,,,,,,,,,,,,,,,,,,,,,,,,,,,,,,,,,,,,,,,,,,,,,,,,,,,,,,,,0,2,2,2,1,Online_conjL2_un//d.si.ñu26.none.none.wav,none,none,fe,bi,to,sil,ra,mi,me,sil1,te,ba,sil2,,,,,,,,,,,,,,,,,,,,,,,,,,,,,,,,,,,,,,,,,,,,,,,,,,,,,,,,,,,
,,,,,,,s114,A,2024-02-19_20h04.52.495,Unsyncopated_study2,2022.2.5,MacIntel,120.4819277,,,,,,,,,,,,,,,,,,,,,,,,,,,,,,,,,,,,,,,,,,,,,,,,,,,,,,,,,,,,,,,,,,,,,,,,,,,,,,,,,,,,,,,,,,,,,,,,,,,,,,,,,,,,,,,,,,,,,,,,,,,,,,,,,,,,,,,,,,,,"[""space""]",0,3,3,0,1,Online_conjL2_un//d.si.ñu24.0.1110.wav,0,1110,si,bi,to,sil,fe,ñu,te,sil1,ra,ñi,sil2,[0.591100000001461],,,,,,,,,,,,,,,,,,,,,,,,,,,,,,,,,,,,,,,,,,,,,,,,,,,,,,,,,,
,,,,,,,s114,A,2024-02-19_20h04.52.495,Unsyncopated_study2,2022.2.5,MacIntel,120.4819277,,,,,,,,,,,,,,,,,,,,,,,,,,,,,,,,,,,,,,,,,,,,,,,,,,,,,,,,,,,,,,,,,,,,,,,,,,,,,,,,,,,,,,,,,,,,,,,,,,,,,,,,,,,,,,,,,,,,,,,,,,,,,,,,,,,,,,,,,,,,,,,,,,,,,,,,,,,,,,,,,0,1,1,25,1,si,ñu,120:124,orange,,,,,,,,,,,,,,,,,,,,,,,,,,,,,,,,,,,,,,,,,,,,,,,,,
,,,,,,,s114,A,2024-02-19_20h04.52.495,Unsyncopated_study2,2022.2.5,MacIntel,120.4819277,,,,,,,,,,,,,,,,,,,,,,,,,,,,,,,,,,,,,,,,,,,,,,,,,,,,,,,,,,,,,,,,,,,,,,,,,,,,,,,,,,,,,,,,,,,,,,,,,,,,,,,,,,,,,,,,,,,,,,,,,,,,,,,,,,,,,,,,,,,,,0,0,0,3,1,Online_conjL2_un//b.fe.ra27.none.none.wav,none,none,mi,si,me,sil,go,ñu,to,sil1,du,te,sil2,,,,,,,,,,,,,,,,,,,,,,,,,,,,,,,,,,,,,,,,,,,,,,,,,,,,,,,,,,,
,,,,,,,s114,A,2024-02-19_20h04.52.495,Unsyncopated_study2,2022.2.5,MacIntel,120.4819277,,,,,,,,,,,,,,,,,,,,,,,,,,,,,,,,,,,,,,,,,,,,,,,,,,,,,,,,,,,,,,,,,,,,,,,,,,,,,,,,,,,,,,,,,,,,,,,,,,,,,,,,,,,,,,,,,,,,,,,,,,,,,,,,,,,,,,,,,,,,,0,1,1,2,1,Online_conjL2_un//b.fe.ra26.888.1776.wav,888,1776,ba,su,si,sil,fe,ñu,mi,sil1,ra,ñi,sil2,,,,,,,,,,,,,,,,,,,,,,,,,,,,,,,,,,,,,,,,,,,,,,,,,,,,,,,,,,,
,,,,,,,s114,A,2024-02-19_20h04.52.495,Unsyncopated_study2,2022.2.5,MacIntel,120.4819277,,,,,,,,,,,,,,,,,,,,,,,,,,,,,,,,,,,,,,,,,,,,,,,,,,,,,,,,,,,,,,,,,,,,,,,,,,,,,,,,,,,,,,,,,,,,,,,,,,,,,,,,,,,,,,,,,,,,,,,,,,,,,,,,,,,,,,,,,,,,,0,2,2,1,1,Online_conjL2_un//b.fe.ra25.888.1776.wav,888,1776,me,bi,si,sil,fe,su,te,sil1,ra,cha,sil2,,,,,,,,,,,,,,,,,,,,,,,,,,,,,,,,,,,,,,,,,,,,,,,,,,,,,,,,,,,
,,,,,,,s114,A,2024-02-19_20h04.52.495,Unsyncopated_study2,2022.2.5,MacIntel,120.4819277,,,,,,,,,,,,,,,,,,,,,,,,,,,,,,,,,,,,,,,,,,,,,,,,,,,,,,,,,,,,,,,,,,,,,,,,,,,,,,,,,,,,,,,,,,,,,,,,,,,,,,,,,,,,,,,,,,,,,,,,,,,,,,,,,,,,,,,,,,,,,0,3,3,0,1,Online_conjL2_un//b.fe.ra24.none.none.wav,none,none,go,su,bi,sil,du,me,ñi,sil1,mi,cha,sil2,,,,,,,,,,,,,,,,,,,,,,,,,,,,,,,,,,,,,,,,,,,,,,,,,,,,,,,,,,,
,,,,,,,s114,A,2024-02-19_20h04.52.495,Unsyncopated_study2,2022.2.5,MacIntel,120.4819277,,,,,,,,,,,,,,,,,,,,,,,,,,,,,,,,,,,,,,,,,,,,,,,,,,,,,,,,,,,,,,,,,,,,,,,,,,,,,,,,,,,,,,,,,,,,,,,,,,,,,,,,,,,,,,,,,,,,,,,,,,,,,,,,,,,,,,,,,,,,,,,,,,,,,,,,,,,,,,,,,0,2,2,14,1,fe,ra,56:60,blue,,,,,,,,,,,,,,,,,,,,,,,,,,,,,,,,,,,,,,,,,,,,,,,,,
,,,,,,,s114,A,2024-02-19_20h04.52.495,Unsyncopated_study2,2022.2.5,MacIntel,120.4819277,,,,,,,,,,,,,,,,,,,,,,,,,,,,,,,,,,,,,,,,,,,,,,,,,,,,,,,,,,,,,,,,,,,,,,,,,,,,,,,,,,,,,,,,,,,,,,,,,,,,,,,,,,,,,,,,,,,,,,,,,,,,,,,,,,,,,,,,,,,,,0,0,0,1,1,Online_conjL2_un//a.go.du25.none.none.wav,none,none,mi,ñu,ba,sil,fe,bi,to,sil1,ra,si,sil2,,,,,,,,,,,,,,,,,,,,,,,,,,,,,,,,,,,,,,,,,,,,,,,,,,,,,,,,,,,
,,,,,,,s114,A,2024-02-19_20h04.52.495,Unsyncopated_study2,2022.2.5,MacIntel,120.4819277,,,,,,,,,,,,,,,,,,,,,,,,,,,,,,,,,,,,,,,,,,,,,,,,,,,,,,,,,,,,,,,,,,,,,,,,,,,,,,,,,,,,,,,,,,,,,,,,,,,,,,,,,,,,,,,,,,,,,,,,,,,,,,,,,,,,,,,,,,,,,0,1,1,2,1,Online_conjL2_un//a.go.du26.none.none.wav,none,none,mi,bi,ñi,sil,fe,cha,te,sil1,ra,su,sil2,,,,,,,,,,,,,,,,,,,,,,,,,,,,,,,,,,,,,,,,,,,,,,,,,,,,,,,,,,,
,,,,,,,s114,A,2024-02-19_20h04.52.495,Unsyncopated_study2,2022.2.5,MacIntel,120.4819277,,,,,,,,,,,,,,,,,,,,,,,,,,,,,,,,,,,,,,,,,,,,,,,,,,,,,,,,,,,,,,,,,,,,,,,,,,,,,,,,,,,,,,,,,,,,,,,,,,,,,,,,,,,,,,,,,,,,,,,,,,,,,,,,,,,,,,,,,,,,"[""space""]",0,2,2,3,1,Online_conjL2_un//a.go.du27.888.1776.wav,1776,888,ñu,ba,bi,sil,go,si,mi,sil1,du,te,sil2,[2.042500000000018],,,,,,,,,,,,,,,,,,,,,,,,,,,,,,,,,,,,,,,,,,,,,,,,,,,,,,,,,,
,,,,,,,s114,A,2024-02-19_20h04.52.495,Unsyncopated_study2,2022.2.5,MacIntel,120.4819277,,,,,,,,,,,,,,,,,,,,,,,,,,,,,,,,,,,,,,,,,,,,,,,,,,,,,,,,,,,,,,,,,,,,,,,,,,,,,,,,,,,,,,,,,,,,,,,,,,,,,,,,,,,,,,,,,,,,,,,,,,,,,,,,,,,,,,,,,,,,"[""space"",""space""]",0,3,3,0,1,Online_conjL2_un//a.go.du24.0.888.wav,888,0,go,si,bi,sil,du,to,me,sil1,ñi,ba,sil2,"[0.21249999999997726,1.562099999997713]",,,,,,,,,,,,,,,,,,,,,,,,,,,,,,,,,,,,,,,,,,,,,,,,,,,,,,,,,,
,,,,,,,s114,A,2024-02-19_20h04.52.495,Unsyncopated_study2,2022.2.5,MacIntel,120.4819277,,,,,,,,,,,,,,,,,,,,,,,,,,,,,,,,,,,,,,,,,,,,,,,,,,,,,,,,,,,,,,,,,,,,,,,,,,,,,,,,,,,,,,,,,,,,,,,,,,,,,,,,,,,,,,,,,,,,,,,,,,,,,,,,,,,,,,,,,,,,,,,,,,,,,,,,,,,,,,,,,0,3,3,23,1,du,go,24:28,red,,,,,,,,,,,,,,,,,,,,,,,,,,,,,,,,,,,,,,,,,,,,,,,,,
,,,,,,,s114,A,2024-02-19_20h04.52.495,Unsyncopated_study2,2022.2.5,MacIntel,120.4819277,,,,,,,,,,,,,,,,,,,,,,,,,,,,,,,,,,,,,,,,,,,,,,,,,,,,,,,,,,,,,,,,,,,,,,,,,,,,,,,,,,,,,,,,,,,,,,,,,,,,,,,,,,,,,,,,,,,,,,,,,,,,,,,,,,,,,,,,,,,,,0,0,0,2,1,Online_conjL2_un//c.cha.me26.none.none.wav,none,none,to,si,ba,sil,go,ñi,ñu,sil1,du,bi,sil2,,,,,,,,,,,,,,,,,,,,,,,,,,,,,,,,,,,,,,,,,,,,,,,,,,,,,,,,,,,
,,,,,,,s114,A,2024-02-19_20h04.52.495,Unsyncopated_study2,2022.2.5,MacIntel,120.4819277,,,,,,,,,,,,,,,,,,,,,,,,,,,,,,,,,,,,,,,,,,,,,,,,,,,,,,,,,,,,,,,,,,,,,,,,,,,,,,,,,,,,,,,,,,,,,,,,,,,,,,,,,,,,,,,,,,,,,,,,,,,,,,,,,,,,,,,,,,,,,0,1,1,1,1,Online_conjL2_un//c.cha.me25.none.none.wav,none,none,fe,ñu,ba,sil,ra,ñi,si,sil1,te,su,sil2,,,,,,,,,,,,,,,,,,,,,,,,,,,,,,,,,,,,,,,,,,,,,,,,,,,,,,,,,,,
,,,,,,,s114,A,2024-02-19_20h04.52.495,Unsyncopated_study2,2022.2.5,MacIntel,120.4819277,,,,,,,,,,,,,,,,,,,,,,,,,,,,,,,,,,,,,,,,,,,,,,,,,,,,,,,,,,,,,,,,,,,,,,,,,,,,,,,,,,,,,,,,,,,,,,,,,,,,,,,,,,,,,,,,,,,,,,,,,,,,,,,,,,,,,,,,,,,,"[""space""]",0,2,2,0,1,Online_conjL2_un//c.cha.me24.444.0.wav,444,0,me,ba,cha,sil,go,su,bi,sil1,du,ñu,sil2,[1.1513000000006741],,,,,,,,,,,,,,,,,,,,,,,,,,,,,,,,,,,,,,,,,,,,,,,,,,,,,,,,,,
,,,,,,,s114,A,2024-02-19_20h04.52.495,Unsyncopated_study2,2022.2.5,MacIntel,120.4819277,,,,,,,,,,,,,,,,,,,,,,,,,,,,,,,,,,,,,,,,,,,,,,,,,,,,,,,,,,,,,,,,,,,,,,,,,,,,,,,,,,,,,,,,,,,,,,,,,,,,,,,,,,,,,,,,,,,,,,,,,,,,,,,,,,,,,,,,,,,,"[""space""]",0,3,3,3,1,Online_conjL2_un//c.cha.me27.1776.444.wav,1776,444,fe,bi,me,sil,ra,mi,ba,sil1,cha,ñu,sil2,[2.389400000002297],,,,,,,,,,,,,,,,,,,,,,,,,,,,,,,,,,,,,,,,,,,,,,,,,,,,,,,,,,
,,,,,,,s114,A,2024-02-19_20h04.52.495,Unsyncopated_study2,2022.2.5,MacIntel,120.4819277,,,,,,,,,,,,,,,,,,,,,,,,,,,,,,,,,,,,,,,,,,,,,,,,,,,,,,,,,,,,,,,,,,,,,,,,,,,,,,,,,,,,,,,,,,,,,,,,,,,,,,,,,,,,,,,,,,,,,,,,,,,,,,,,,,,,,,,,,,,,,,,,,,,,,,,,,,,,,,,,,0,4,4,2,1,cha,me,88:92,green,,,,,,,,,,,,,,,,,,,,,,,,,,,,,,,,,,,,,,,,,,,,,,,,,
,,,,,,,s114,A,2024-02-19_20h04.52.495,Unsyncopated_study2,2022.2.5,MacIntel,120.4819277,,,,,,,,,,,,,,,,,,,,,,,,,,,,,,,,,,,,,,,,,,,,,,,,,,,,,,,,,,,,,,,,,,,,,,,,,,,,,,,,,,,,,,,,,,,,,,,,,,,,,,,,,,,,,,,,,,,,,,,,,,,,,,,,,,,,,,,,,,,,"[""space""]",0,0,0,1,1,Online_conjL2_un//c.cha.me21.1332.444.wav,1332,444,fe,su,me,sil,ra,si,cha,sil1,ñi,ba,sil2,[2.07650000000001],,,,,,,,,,,,,,,,,,,,,,,,,,,,,,,,,,,,,,,,,,,,,,,,,,,,,,,,,,
,,,,,,,s114,A,2024-02-19_20h04.52.495,Unsyncopated_study2,2022.2.5,MacIntel,120.4819277,,,,,,,,,,,,,,,,,,,,,,,,,,,,,,,,,,,,,,,,,,,,,,,,,,,,,,,,,,,,,,,,,,,,,,,,,,,,,,,,,,,,,,,,,,,,,,,,,,,,,,,,,,,,,,,,,,,,,,,,,,,,,,,,,,,,,,,,,,,,"[""space"",""space""]",0,1,1,3,1,Online_conjL2_un//c.cha.me23.222.444.wav,222,444,su,cha,me,sil,fe,mi,to,sil1,ra,ñu,sil2,"[0.8964999999999463,2.468400000002134]",,,,,,,,,,,,,,,,,,,,,,,,,,,,,,,,,,,,,,,,,,,,,,,,,,,,,,,,,,
,,,,,,,s114,A,2024-02-19_20h04.52.495,Unsyncopated_study2,2022.2.5,MacIntel,120.4819277,,,,,,,,,,,,,,,,,,,,,,,,,,,,,,,,,,,,,,,,,,,,,,,,,,,,,,,,,,,,,,,,,,,,,,,,,,,,,,,,,,,,,,,,,,,,,,,,,,,,,,,,,,,,,,,,,,,,,,,,,,,,,,,,,,,,,,,,,,,,"[""space""]",0,2,2,2,1,Online_conjL2_un//c.cha.me22.222.444.wav,222,444,go,cha,me,sil,du,ñu,to,sil1,te,su,sil2,[1.231999999999971],,,,,,,,,,,,,,,,,,,,,,,,,,,,,,,,,,,,,,,,,,,,,,,,,,,,,,,,,,
,,,,,,,s114,A,2024-02-19_20h04.52.495,Unsyncopated_study2,2022.2.5,MacIntel,120.4819277,,,,,,,,,,,,,,,,,,,,,,,,,,,,,,,,,,,,,,,,,,,,,,,,,,,,,,,,,,,,,,,,,,,,,,,,,,,,,,,,,,,,,,,,,,,,,,,,,,,,,,,,,,,,,,,,,,,,,,,,,,,,,,,,,,,,,,,,,,,,"[""space""]",0,3,3,0,1,Online_conjL2_un//c.cha.me20.none.none.wav,none,none,ñu,su,ñi,sil,go,to,si,sil1,du,ba,sil2,[2.0743000000007896],,,,,,,,,,,,,,,,,,,,,,,,,,,,,,,,,,,,,,,,,,,,,,,,,,,,,,,,,,
,,,,,,,s114,A,2024-02-19_20h04.52.495,Unsyncopated_study2,2022.2.5,MacIntel,120.4819277,,,,,,,,,,,,,,,,,,,,,,,,,,,,,,,,,,,,,,,,,,,,,,,,,,,,,,,,,,,,,,,,,,,,,,,,,,,,,,,,,,,,,,,,,,,,,,,,,,,,,,,,,,,,,,,,,,,,,,,,,,,,,,,,,,,,,,,,,,,,,,,,,,,,,,,,,,,,,,,,,0,5,5,21,1,cha,me,84:88,green,,,,,,,,,,,,,,,,,,,,,,,,,,,,,,,,,,,,,,,,,,,,,,,,,
,,,,,,,s114,A,2024-02-19_20h04.52.495,Unsyncopated_study2,2022.2.5,MacIntel,120.4819277,,,,,,,,,,,,,,,,,,,,,,,,,,,,,,,,,,,,,,,,,,,,,,,,,,,,,,,,,,,,,,,,,,,,,,,,,,,,,,,,,,,,,,,,,,,,,,,,,,,,,,,,,,,,,,,,,,,,,,,,,,,,,,,,,,,,,,,,,,,,"[""space""]",0,0,0,3,1,Online_conjL2_un//d.si.ñu11.none.none.wav,none,none,ba,to,bi,sil,go,mi,te,sil1,du,su,sil2,[2.6321999999993295],,,,,,,,,,,,,,,,,,,,,,,,,,,,,,,,,,,,,,,,,,,,,,,,,,,,,,,,,,
,,,,,,,s114,A,2024-02-19_20h04.52.495,Unsyncopated_study2,2022.2.5,MacIntel,120.4819277,,,,,,,,,,,,,,,,,,,,,,,,,,,,,,,,,,,,,,,,,,,,,,,,,,,,,,,,,,,,,,,,,,,,,,,,,,,,,,,,,,,,,,,,,,,,,,,,,,,,,,,,,,,,,,,,,,,,,,,,,,,,,,,,,,,,,,,,,,,,"[""space""]",0,1,1,0,1,Online_conjL2_un//d.si.ñu8.0.222.wav,0,222,si,ñu,bi,sil,go,me,to,sil1,du,ba,sil2,[0.9581000000015365],,,,,,,,,,,,,,,,,,,,,,,,,,,,,,,,,,,,,,,,,,,,,,,,,,,,,,,,,,
,,,,,,,s114,A,2024-02-19_20h04.52.495,Unsyncopated_study2,2022.2.5,MacIntel,120.4819277,,,,,,,,,,,,,,,,,,,,,,,,,,,,,,,,,,,,,,,,,,,,,,,,,,,,,,,,,,,,,,,,,,,,,,,,,,,,,,,,,,,,,,,,,,,,,,,,,,,,,,,,,,,,,,,,,,,,,,,,,,,,,,,,,,,,,,,,,,,,,0,2,2,1,1,Online_conjL2_un//d.si.ñu9.none.none.wav,none,none,bi,cha,to,sil,fe,te,ba,sil1,ra,me,sil2,,,,,,,,,,,,,,,,,,,,,,,,,,,,,,,,,,,,,,,,,,,,,,,,,,,,,,,,,,,
,,,,,,,s114,A,2024-02-19_20h04.52.495,Unsyncopated_study2,2022.2.5,MacIntel,120.4819277,,,,,,,,,,,,,,,,,,,,,,,,,,,,,,,,,,,,,,,,,,,,,,,,,,,,,,,,,,,,,,,,,,,,,,,,,,,,,,,,,,,,,,,,,,,,,,,,,,,,,,,,,,,,,,,,,,,,,,,,,,,,,,,,,,,,,,,,,,,,,0,3,3,2,1,Online_conjL2_un//d.si.ñu10.none.none.wav,none,none,fe,ba,bi,sil,ra,te,mi,sil1,me,to,sil2,,,,,,,,,,,,,,,,,,,,,,,,,,,,,,,,,,,,,,,,,,,,,,,,,,,,,,,,,,,
,,,,,,,s114,A,2024-02-19_20h04.52.495,Unsyncopated_study2,2022.2.5,MacIntel,120.4819277,,,,,,,,,,,,,,,,,,,,,,,,,,,,,,,,,,,,,,,,,,,,,,,,,,,,,,,,,,,,,,,,,,,,,,,,,,,,,,,,,,,,,,,,,,,,,,,,,,,,,,,,,,,,,,,,,,,,,,,,,,,,,,,,,,,,,,,,,,,,,,,,,,,,,,,,,,,,,,,,,0,6,6,3,1,si,ñu,104:108,orange,,,,,,,,,,,,,,,,,,,,,,,,,,,,,,,,,,,,,,,,,,,,,,,,,
,,,,,,,s114,A,2024-02-19_20h04.52.495,Unsyncopated_study2,2022.2.5,MacIntel,120.4819277,,,,,,,,,,,,,,,,,,,,,,,,,,,,,,,,,,,,,,,,,,,,,,,,,,,,,,,,,,,,,,,,,,,,,,,,,,,,,,,,,,,,,,,,,,,,,,,,,,,,,,,,,,,,,,,,,,,,,,,,,,,,,,,,,,,,,,,,,,,,"[""space"",""space""]",0,0,0,2,1,Online_conjL2_un//c.cha.me10.0.222.wav,0,222,cha,me,mi,sil,fe,su,si,sil1,ra,ba,sil2,"[0.7435999999977412,2.2480000000000473]",,,,,,,,,,,,,,,,,,,,,,,,,,,,,,,,,,,,,,,,,,,,,,,,,,,,,,,,,,
,,,,,,,s114,A,2024-02-19_20h04.52.495,Unsyncopated_study2,2022.2.5,MacIntel,120.4819277,,,,,,,,,,,,,,,,,,,,,,,,,,,,,,,,,,,,,,,,,,,,,,,,,,,,,,,,,,,,,,,,,,,,,,,,,,,,,,,,,,,,,,,,,,,,,,,,,,,,,,,,,,,,,,,,,,,,,,,,,,,,,,,,,,,,,,,,,,,,,0,1,1,1,1,Online_conjL2_un//c.cha.me9.none.none.wav,none,none,go,to,ñi,sil,du,mi,ñu,sil1,bi,su,sil2,,,,,,,,,,,,,,,,,,,,,,,,,,,,,,,,,,,,,,,,,,,,,,,,,,,,,,,,,,,
,,,,,,,s114,A,2024-02-19_20h04.52.495,Unsyncopated_study2,2022.2.5,MacIntel,120.4819277,,,,,,,,,,,,,,,,,,,,,,,,,,,,,,,,,,,,,,,,,,,,,,,,,,,,,,,,,,,,,,,,,,,,,,,,,,,,,,,,,,,,,,,,,,,,,,,,,,,,,,,,,,,,,,,,,,,,,,,,,,,,,,,,,,,,,,,,,,,,,0,2,2,3,1,Online_conjL2_un//c.cha.me11.none.none.wav,none,none,go,su,ñu,sil,du,ñi,mi,sil1,ba,to,sil2,,,,,,,,,,,,,,,,,,,,,,,,,,,,,,,,,,,,,,,,,,,,,,,,,,,,,,,,,,,
,,,,,,,s114,A,2024-02-19_20h04.52.495,Unsyncopated_study2,2022.2.5,MacIntel,120.4819277,,,,,,,,,,,,,,,,,,,,,,,,,,,,,,,,,,,,,,,,,,,,,,,,,,,,,,,,,,,,,,,,,,,,,,,,,,,,,,,,,,,,,,,,,,,,,,,,,,,,,,,,,,,,,,,,,,,,,,,,,,,,,,,,,,,,,,,,,,,,"[""space""]",0,3,3,0,1,Online_conjL2_un//c.cha.me8.444.1332.wav,444,1332,fe,bi,cha,sil,ra,ñi,me,sil1,te,si,sil2,[1.1709999999999354],,,,,,,,,,,,,,,,,,,,,,,,,,,,,,,,,,,,,,,,,,,,,,,,,,,,,,,,,,
,,,,,,,s114,A,2024-02-19_20h04.52.495,Unsyncopated_study2,2022.2.5,MacIntel,120.4819277,,,,,,,,,,,,,,,,,,,,,,,,,,,,,,,,,,,,,,,,,,,,,,,,,,,,,,,,,,,,,,,,,,,,,,,,,,,,,,,,,,,,,,,,,,,,,,,,,,,,,,,,,,,,,,,,,,,,,,,,,,,,,,,,,,,,,,,,,,,,,,,,,,,,,,,,,,,,,,,,,0,7,7,16,1,cha,me,72:76,green,,,,,,,,,,,,,,,,,,,,,,,,,,,,,,,,,,,,,,,,,,,,,,,,,
,,,,,,,s114,A,2024-02-19_20h04.52.495,Unsyncopated_study2,2022.2.5,MacIntel,120.4819277,,,,,,,,,,,,,,,,,,,,,,,,,,,,,,,,,,,,,,,,,,,,,,,,,,,,,,,,,,,,,,,,,,,,,,,,,,,,,,,,,,,,,,,,,,,,,,,,,,,,,,,,,,,,,,,,,,,,,,,,,,,,,,,,,,,,,,,,,,,,"[""space""]",0,0,0,2,1,Online_conjL2_un//a.go.du10.0.888.wav,888,0,go,bi,ñi,sil,du,si,te,sil1,ñu,su,sil2,[1.66239999999857],,,,,,,,,,,,,,,,,,,,,,,,,,,,,,,,,,,,,,,,,,,,,,,,,,,,,,,,,,
,,,,,,,s114,A,2024-02-19_20h04.52.495,Unsyncopated_study2,2022.2.5,MacIntel,120.4819277,,,,,,,,,,,,,,,,,,,,,,,,,,,,,,,,,,,,,,,,,,,,,,,,,,,,,,,,,,,,,,,,,,,,,,,,,,,,,,,,,,,,,,,,,,,,,,,,,,,,,,,,,,,,,,,,,,,,,,,,,,,,,,,,,,,,,,,,,,,,"[""space""]",0,1,1,1,1,Online_conjL2_un//a.go.du9.888.1776.wav,1776,888,mi,bi,cha,sil,go,ñu,si,sil1,du,to,sil2,[2.4623999999985244],,,,,,,,,,,,,,,,,,,,,,,,,,,,,,,,,,,,,,,,,,,,,,,,,,,,,,,,,,
,,,,,,,s114,A,2024-02-19_20h04.52.495,Unsyncopated_study2,2022.2.5,MacIntel,120.4819277,,,,,,,,,,,,,,,,,,,,,,,,,,,,,,,,,,,,,,,,,,,,,,,,,,,,,,,,,,,,,,,,,,,,,,,,,,,,,,,,,,,,,,,,,,,,,,,,,,,,,,,,,,,,,,,,,,,,,,,,,,,,,,,,,,,,,,,,,,,,"[""space""]",0,2,2,3,1,Online_conjL2_un//a.go.du11.888.1776.wav,1776,888,si,ba,ñu,sil,go,ñi,mi,sil1,du,te,sil2,[2.563400000002275],,,,,,,,,,,,,,,,,,,,,,,,,,,,,,,,,,,,,,,,,,,,,,,,,,,,,,,,,,
,,,,,,,s114,A,2024-02-19_20h04.52.495,Unsyncopated_study2,2022.2.5,MacIntel,120.4819277,,,,,,,,,,,,,,,,,,,,,,,,,,,,,,,,,,,,,,,,,,,,,,,,,,,,,,,,,,,,,,,,,,,,,,,,,,,,,,,,,,,,,,,,,,,,,,,,,,,,,,,,,,,,,,,,,,,,,,,,,,,,,,,,,,,,,,,,,,,,,0,3,3,0,1,Online_conjL2_un//a.go.du8.none.none.wav,none,none,fe,to,ñi,sil,ra,ba,cha,sil1,ñu,bi,sil2,,,,,,,,,,,,,,,,,,,,,,,,,,,,,,,,,,,,,,,,,,,,,,,,,,,,,,,,,,,
,,,,,,,s114,A,2024-02-19_20h04.52.495,Unsyncopated_study2,2022.2.5,MacIntel,120.4819277,,,,,,,,,,,,,,,,,,,,,,,,,,,,,,,,,,,,,,,,,,,,,,,,,,,,,,,,,,,,,,,,,,,,,,,,,,,,,,,,,,,,,,,,,,,,,,,,,,,,,,,,,,,,,,,,,,,,,,,,,,,,,,,,,,,,,,,,,,,,,,,,,,,,,,,,,,,,,,,,,0,8,8,15,1,du,go,8:12,red,,,,,,,,,,,,,,,,,,,,,,,,,,,,,,,,,,,,,,,,,,,,,,,,,
,,,,,,,s114,A,2024-02-19_20h04.52.495,Unsyncopated_study2,2022.2.5,MacIntel,120.4819277,,,,,,,,,,,,,,,,,,,,,,,,,,,,,,,,,,,,,,,,,,,,,,,,,,,,,,,,,,,,,,,,,,,,,,,,,,,,,,,,,,,,,,,,,,,,,,,,,,,,,,,,,,,,,,,,,,,,,,,,,,,,,,,,,,,,,,,,,,,,"[""space""]",0,0,0,0,1,Online_conjL2_un//b.fe.ra4.888.1776.wav,888,1776,bi,ñi,to,sil,fe,me,ba,sil1,ra,cha,sil2,[1.585199999999304],,,,,,,,,,,,,,,,,,,,,,,,,,,,,,,,,,,,,,,,,,,,,,,,,,,,,,,,,,
,,,,,,,s114,A,2024-02-19_20h04.52.495,Unsyncopated_study2,2022.2.5,MacIntel,120.4819277,,,,,,,,,,,,,,,,,,,,,,,,,,,,,,,,,,,,,,,,,,,,,,,,,,,,,,,,,,,,,,,,,,,,,,,,,,,,,,,,,,,,,,,,,,,,,,,,,,,,,,,,,,,,,,,,,,,,,,,,,,,,,,,,,,,,,,,,,,,,"[""space""]",0,1,1,2,1,Online_conjL2_un//b.fe.ra6.0.888.wav,0,888,fe,me,ñu,sil,ra,ñi,mi,sil1,to,bi,sil2,[0.6615000000000464],,,,,,,,,,,,,,,,,,,,,,,,,,,,,,,,,,,,,,,,,,,,,,,,,,,,,,,,,,
,,,,,,,s114,A,2024-02-19_20h04.52.495,Unsyncopated_study2,2022.2.5,MacIntel,120.4819277,,,,,,,,,,,,,,,,,,,,,,,,,,,,,,,,,,,,,,,,,,,,,,,,,,,,,,,,,,,,,,,,,,,,,,,,,,,,,,,,,,,,,,,,,,,,,,,,,,,,,,,,,,,,,,,,,,,,,,,,,,,,,,,,,,,,,,,,,,,,,0,2,2,1,1,Online_conjL2_un//b.fe.ra5.none.none.wav,none,none,cha,si,su,sil,go,bi,mi,sil1,du,ñu,sil2,,,,,,,,,,,,,,,,,,,,,,,,,,,,,,,,,,,,,,,,,,,,,,,,,,,,,,,,,,,
,,,,,,,s114,A,2024-02-19_20h04.52.495,Unsyncopated_study2,2022.2.5,MacIntel,120.4819277,,,,,,,,,,,,,,,,,,,,,,,,,,,,,,,,,,,,,,,,,,,,,,,,,,,,,,,,,,,,,,,,,,,,,,,,,,,,,,,,,,,,,,,,,,,,,,,,,,,,,,,,,,,,,,,,,,,,,,,,,,,,,,,,,,,,,,,,,,,,,0,3,3,3,1,Online_conjL2_un//b.fe.ra7.none.none.wav,none,none,go,ñu,si,sil,du,me,ñi,sil1,te,ba,sil2,,,,,,,,,,,,,,,,,,,,,,,,,,,,,,,,,,,,,,,,,,,,,,,,,,,,,,,,,,,
,,,,,,,s114,A,2024-02-19_20h04.52.495,Unsyncopated_study2,2022.2.5,MacIntel,120.4819277,,,,,,,,,,,,,,,,,,,,,,,,,,,,,,,,,,,,,,,,,,,,,,,,,,,,,,,,,,,,,,,,,,,,,,,,,,,,,,,,,,,,,,,,,,,,,,,,,,,,,,,,,,,,,,,,,,,,,,,,,,,,,,,,,,,,,,,,,,,,,,,,,,,,,,,,,,,,,,,,,0,9,9,12,1,fe,ra,36:40,blue,,,,,,,,,,,,,,,,,,,,,,,,,,,,,,,,,,,,,,,,,,,,,,,,,
,,,,,,,s114,A,2024-02-19_20h04.52.495,Unsyncopated_study2,2022.2.5,MacIntel,120.4819277,,,,,,,,,,,,,,,,,,,,,,,,,,,,,,,,,,,,,,,,,,,,,,,,,,,,,,,,,,,,,,,,,,,,,,,,,,,,,,,,,,,,,,,,,,,,,,,,,,,,,,,,,,,,,,,,,,,,,,,,,,,,,,,,,,,,,,,,,,,,"[""space""]",0,0,0,2,1,Online_conjL2_un//d.si.ñu30.1332.222.wav,1332,222,ba,ñu,ñi,sil,go,mi,si,sil1,du,cha,sil2,[1.9204999999998336],,,,,,,,,,,,,,,,,,,,,,,,,,,,,,,,,,,,,,,,,,,,,,,,,,,,,,,,,,
,,,,,,,s114,A,2024-02-19_20h04.52.495,Unsyncopated_study2,2022.2.5,MacIntel,120.4819277,,,,,,,,,,,,,,,,,,,,,,,,,,,,,,,,,,,,,,,,,,,,,,,,,,,,,,,,,,,,,,,,,,,,,,,,,,,,,,,,,,,,,,,,,,,,,,,,,,,,,,,,,,,,,,,,,,,,,,,,,,,,,,,,,,,,,,,,,,,,,0,1,1,3,1,Online_conjL2_un//d.si.ñu31.none.none.wav,none,none,su,ñi,to,sil,fe,me,ba,sil1,ra,te,sil2,,,,,,,,,,,,,,,,,,,,,,,,,,,,,,,,,,,,,,,,,,,,,,,,,,,,,,,,,,,
,,,,,,,s114,A,2024-02-19_20h04.52.495,Unsyncopated_study2,2022.2.5,MacIntel,120.4819277,,,,,,,,,,,,,,,,,,,,,,,,,,,,,,,,,,,,,,,,,,,,,,,,,,,,,,,,,,,,,,,,,,,,,,,,,,,,,,,,,,,,,,,,,,,,,,,,,,,,,,,,,,,,,,,,,,,,,,,,,,,,,,,,,,,,,,,,,,,,"[""space""]",0,2,2,1,1,Online_conjL2_un//d.si.ñu29.1332.444.wav,1332,444,fe,mi,ñu,sil,ra,su,si,sil1,ñi,cha,sil2,[1.9329999999999927],,,,,,,,,,,,,,,,,,,,,,,,,,,,,,,,,,,,,,,,,,,,,,,,,,,,,,,,,,
,,,,,,,s114,A,2024-02-19_20h04.52.495,Unsyncopated_study2,2022.2.5,MacIntel,120.4819277,,,,,,,,,,,,,,,,,,,,,,,,,,,,,,,,,,,,,,,,,,,,,,,,,,,,,,,,,,,,,,,,,,,,,,,,,,,,,,,,,,,,,,,,,,,,,,,,,,,,,,,,,,,,,,,,,,,,,,,,,,,,,,,,,,,,,,,,,,,,,0,3,3,0,1,Online_conjL2_un//d.si.ñu28.none.none.wav,none,none,go,me,su,sil,du,te,to,sil1,bi,ba,sil2,,,,,,,,,,,,,,,,,,,,,,,,,,,,,,,,,,,,,,,,,,,,,,,,,,,,,,,,,,,
,,,,,,,s114,A,2024-02-19_20h04.52.495,Unsyncopated_study2,2022.2.5,MacIntel,120.4819277,,,,,,,,,,,,,,,,,,,,,,,,,,,,,,,,,,,,,,,,,,,,,,,,,,,,,,,,,,,,,,,,,,,,,,,,,,,,,,,,,,,,,,,,,,,,,,,,,,,,,,,,,,,,,,,,,,,,,,,,,,,,,,,,,,,,,,,,,,,,,,,,,,,,,,,,,,,,,,,,,0,10,10,6,1,si,ñu,124:128,orange,,,,,,,,,,,,,,,,,,,,,,,,,,,,,,,,,,,,,,,,,,,,,,,,,
,,,,,,,s114,A,2024-02-19_20h04.52.495,Unsyncopated_study2,2022.2.5,MacIntel,120.4819277,,,,,,,,,,,,,,,,,,,,,,,,,,,,,,,,,,,,,,,,,,,,,,,,,,,,,,,,,,,,,,,,,,,,,,,,,,,,,,,,,,,,,,,,,,,,,,,,,,,,,,,,,,,,,,,,,,,,,,,,,,,,,,,,,,,,,,,,,,,,"[""space""]",0,0,0,3,1,Online_conjL2_un//a.go.du23.888.1776.wav,1776,888,su,te,mi,sil,go,ñu,bi,sil1,du,me,sil2,[2.4470999999978176],,,,,,,,,,,,,,,,,,,,,,,,,,,,,,,,,,,,,,,,,,,,,,,,,,,,,,,,,,
,,,,,,,s114,A,2024-02-19_20h04.52.495,Unsyncopated_study2,2022.2.5,MacIntel,120.4819277,,,,,,,,,,,,,,,,,,,,,,,,,,,,,,,,,,,,,,,,,,,,,,,,,,,,,,,,,,,,,,,,,,,,,,,,,,,,,,,,,,,,,,,,,,,,,,,,,,,,,,,,,,,,,,,,,,,,,,,,,,,,,,,,,,,,,,,,,,,,,0,1,1,2,1,Online_conjL2_un//a.go.du22.none.none.wav,none,none,fe,bi,ñi,sil,ra,mi,me,sil1,su,ñu,sil2,,,,,,,,,,,,,,,,,,,,,,,,,,,,,,,,,,,,,,,,,,,,,,,,,,,,,,,,,,,
,,,,,,,s114,A,2024-02-19_20h04.52.495,Unsyncopated_study2,2022.2.5,MacIntel,120.4819277,,,,,,,,,,,,,,,,,,,,,,,,,,,,,,,,,,,,,,,,,,,,,,,,,,,,,,,,,,,,,,,,,,,,,,,,,,,,,,,,,,,,,,,,,,,,,,,,,,,,,,,,,,,,,,,,,,,,,,,,,,,,,,,,,,,,,,,,,,,,"[""space""]",0,2,2,1,1,Online_conjL2_un//a.go.du21.888.1776.wav,1776,888,ba,cha,si,sil,go,to,ñi,sil1,du,te,sil2,[1.7356000000015683],,,,,,,,,,,,,,,,,,,,,,,,,,,,,,,,,,,,,,,,,,,,,,,,,,,,,,,,,,
,,,,,,,s114,A,2024-02-19_20h04.52.495,Unsyncopated_study2,2022.2.5,MacIntel,120.4819277,,,,,,,,,,,,,,,,,,,,,,,,,,,,,,,,,,,,,,,,,,,,,,,,,,,,,,,,,,,,,,,,,,,,,,,,,,,,,,,,,,,,,,,,,,,,,,,,,,,,,,,,,,,,,,,,,,,,,,,,,,,,,,,,,,,,,,,,,,,,"[""space"",""space""]",0,3,3,0,1,Online_conjL2_un//a.go.du20.0.888.wav,888,0,go,ñi,si,sil,du,mi,me,sil1,bi,te,sil2,"[0.24119999999925312,1.6258000000007087]",,,,,,,,,,,,,,,,,,,,,,,,,,,,,,,,,,,,,,,,,,,,,,,,,,,,,,,,,,
,,,,,,,s114,A,2024-02-19_20h04.52.495,Unsyncopated_study2,2022.2.5,MacIntel,120.4819277,,,,,,,,,,,,,,,,,,,,,,,,,,,,,,,,,,,,,,,,,,,,,,,,,,,,,,,,,,,,,,,,,,,,,,,,,,,,,,,,,,,,,,,,,,,,,,,,,,,,,,,,,,,,,,,,,,,,,,,,,,,,,,,,,,,,,,,,,,,,,,,,,,,,,,,,,,,,,,,,,0,11,11,4,1,du,go,20:24,red,,,,,,,,,,,,,,,,,,,,,,,,,,,,,,,,,,,,,,,,,,,,,,,,,
,,,,,,,s114,A,2024-02-19_20h04.52.495,Unsyncopated_study2,2022.2.5,MacIntel,120.4819277,,,,,,,,,,,,,,,,,,,,,,,,,,,,,,,,,,,,,,,,,,,,,,,,,,,,,,,,,,,,,,,,,,,,,,,,,,,,,,,,,,,,,,,,,,,,,,,,,,,,,,,,,,,,,,,,,,,,,,,,,,,,,,,,,,,,,,,,,,,,,0,0,0,3,1,Online_conjL2_un//b.fe.ra3.none.none.wav,none,none,go,bi,to,sil,du,me,ba,sil1,su,ñi,sil2,,,,,,,,,,,,,,,,,,,,,,,,,,,,,,,,,,,,,,,,,,,,,,,,,,,,,,,,,,,
,,,,,,,s114,A,2024-02-19_20h04.52.495,Unsyncopated_study2,2022.2.5,MacIntel,120.4819277,,,,,,,,,,,,,,,,,,,,,,,,,,,,,,,,,,,,,,,,,,,,,,,,,,,,,,,,,,,,,,,,,,,,,,,,,,,,,,,,,,,,,,,,,,,,,,,,,,,,,,,,,,,,,,,,,,,,,,,,,,,,,,,,,,,,,,,,,,,,,0,1,1,1,1,Online_conjL2_un//b.fe.ra1.none.none.wav,none,none,go,te,su,sil,du,mi,ba,sil1,si,me,sil2,,,,,,,,,,,,,,,,,,,,,,,,,,,,,,,,,,,,,,,,,,,,,,,,,,,,,,,,,,,
,,,,,,,s114,A,2024-02-19_20h04.52.495,Unsyncopated_study2,2022.2.5,MacIntel,120.4819277,,,,,,,,,,,,,,,,,,,,,,,,,,,,,,,,,,,,,,,,,,,,,,,,,,,,,,,,,,,,,,,,,,,,,,,,,,,,,,,,,,,,,,,,,,,,,,,,,,,,,,,,,,,,,,,,,,,,,,,,,,,,,,,,,,,,,,,,,,,,"[""space""]",0,2,2,0,1,Online_conjL2_un//b.fe.ra0.888.1776.wav,888,1776,ñi,mi,si,sil,fe,to,ñu,sil1,ra,ba,sil2,[1.8211999999994077],,,,,,,,,,,,,,,,,,,,,,,,,,,,,,,,,,,,,,,,,,,,,,,,,,,,,,,,,,
,,,,,,,s114,A,2024-02-19_20h04.52.495,Unsyncopated_study2,2022.2.5,MacIntel,120.4819277,,,,,,,,,,,,,,,,,,,,,,,,,,,,,,,,,,,,,,,,,,,,,,,,,,,,,,,,,,,,,,,,,,,,,,,,,,,,,,,,,,,,,,,,,,,,,,,,,,,,,,,,,,,,,,,,,,,,,,,,,,,,,,,,,,,,,,,,,,,,"[""space""]",0,3,3,2,1,Online_conjL2_un//b.fe.ra2.888.1776.wav,888,1776,bi,te,mi,sil,fe,ñu,si,sil1,ra,ba,sil2,[1.6355000000000928],,,,,,,,,,,,,,,,,,,,,,,,,,,,,,,,,,,,,,,,,,,,,,,,,,,,,,,,,,
,,,,,,,s114,A,2024-02-19_20h04.52.495,Unsyncopated_study2,2022.2.5,MacIntel,120.4819277,,,,,,,,,,,,,,,,,,,,,,,,,,,,,,,,,,,,,,,,,,,,,,,,,,,,,,,,,,,,,,,,,,,,,,,,,,,,,,,,,,,,,,,,,,,,,,,,,,,,,,,,,,,,,,,,,,,,,,,,,,,,,,,,,,,,,,,,,,,,,,,,,,,,,,,,,,,,,,,,,0,12,12,11,1,fe,ra,32:36,blue,,,,,,,,,,,,,,,,,,,,,,,,,,,,,,,,,,,,,,,,,,,,,,,,,
,,,,,,,s114,A,2024-02-19_20h04.52.495,Unsyncopated_study2,2022.2.5,MacIntel,120.4819277,,,,,,,,,,,,,,,,,,,,,,,,,,,,,,,,,,,,,,,,,,,,,,,,,,,,,,,,,,,,,,,,,,,,,,,,,,,,,,,,,,,,,,,,,,,,,,,,,,,,,,,,,,,,,,,,,,,,,,,,,,,,,,,,,,,,,,,,,,,,"[""space""]",0,0,0,0,1,Online_conjL2_un//a.go.du16.888.1776.wav,1776,888,cha,me,ba,sil,go,to,si,sil1,du,ñi,sil2,[2.5971999999992477],,,,,,,,,,,,,,,,,,,,,,,,,,,,,,,,,,,,,,,,,,,,,,,,,,,,,,,,,,
,,,,,,,s114,A,2024-02-19_20h04.52.495,Unsyncopated_study2,2022.2.5,MacIntel,120.4819277,,,,,,,,,,,,,,,,,,,,,,,,,,,,,,,,,,,,,,,,,,,,,,,,,,,,,,,,,,,,,,,,,,,,,,,,,,,,,,,,,,,,,,,,,,,,,,,,,,,,,,,,,,,,,,,,,,,,,,,,,,,,,,,,,,,,,,,,,,,,,0,1,1,1,1,Online_conjL2_un//a.go.du17.none.none.wav,none,none,fe,mi,su,sil,ra,me,bi,sil1,te,si,sil2,,,,,,,,,,,,,,,,,,,,,,,,,,,,,,,,,,,,,,,,,,,,,,,,,,,,,,,,,,,
,,,,,,,s114,A,2024-02-19_20h04.52.495,Unsyncopated_study2,2022.2.5,MacIntel,120.4819277,,,,,,,,,,,,,,,,,,,,,,,,,,,,,,,,,,,,,,,,,,,,,,,,,,,,,,,,,,,,,,,,,,,,,,,,,,,,,,,,,,,,,,,,,,,,,,,,,,,,,,,,,,,,,,,,,,,,,,,,,,,,,,,,,,,,,,,,,,,,"[""space""]",0,2,2,2,1,Online_conjL2_un//a.go.du18.0.888.wav,888,0,go,me,si,sil,du,ñi,ba,sil1,su,to,sil2,[1.6099000000021988],,,,,,,,,,,,,,,,,,,,,,,,,,,,,,,,,,,,,,,,,,,,,,,,,,,,,,,,,,
,,,,,,,s114,A,2024-02-19_20h04.52.495,Unsyncopated_study2,2022.2.5,MacIntel,120.4819277,,,,,,,,,,,,,,,,,,,,,,,,,,,,,,,,,,,,,,,,,,,,,,,,,,,,,,,,,,,,,,,,,,,,,,,,,,,,,,,,,,,,,,,,,,,,,,,,,,,,,,,,,,,,,,,,,,,,,,,,,,,,,,,,,,,,,,,,,,,,"[""space""]",0,3,3,3,1,Online_conjL2_un//a.go.du19.0.888.wav,888,0,go,ba,si,sil,du,su,mi,sil1,ñi,cha,sil2,[1.5778000000007069],,,,,,,,,,,,,,,,,,,,,,,,,,,,,,,,,,,,,,,,,,,,,,,,,,,,,,,,,,
,,,,,,,s114,A,2024-02-19_20h04.52.495,Unsyncopated_study2,2022.2.5,MacIntel,120.4819277,,,,,,,,,,,,,,,,,,,,,,,,,,,,,,,,,,,,,,,,,,,,,,,,,,,,,,,,,,,,,,,,,,,,,,,,,,,,,,,,,,,,,,,,,,,,,,,,,,,,,,,,,,,,,,,,,,,,,,,,,,,,,,,,,,,,,,,,,,,,,,,,,,,,,,,,,,,,,,,,,0,13,13,31,1,du,go,16:20,red,,,,,,,,,,,,,,,,,,,,,,,,,,,,,,,,,,,,,,,,,,,,,,,,,
,,,,,,,s114,A,2024-02-19_20h04.52.495,Unsyncopated_study2,2022.2.5,MacIntel,120.4819277,,,,,,,,,,,,,,,,,,,,,,,,,,,,,,,,,,,,,,,,,,,,,,,,,,,,,,,,,,,,,,,,,,,,,,,,,,,,,,,,,,,,,,,,,,,,,,,,,,,,,,,,,,,,,,,,,,,,,,,,,,,,,,,,,,,,,,,,,,,,,0,0,0,0,1,Online_conjL2_un//b.fe.ra8.none.none.wav,none,none,si,to,mi,sil,go,cha,me,sil1,du,bi,sil2,,,,,,,,,,,,,,,,,,,,,,,,,,,,,,,,,,,,,,,,,,,,,,,,,,,,,,,,,,,
,,,,,,,s114,A,2024-02-19_20h04.52.495,Unsyncopated_study2,2022.2.5,MacIntel,120.4819277,,,,,,,,,,,,,,,,,,,,,,,,,,,,,,,,,,,,,,,,,,,,,,,,,,,,,,,,,,,,,,,,,,,,,,,,,,,,,,,,,,,,,,,,,,,,,,,,,,,,,,,,,,,,,,,,,,,,,,,,,,,,,,,,,,,,,,,,,,,,"[""space""]",0,1,1,3,1,Online_conjL2_un//b.fe.ra11.0.888.wav,0,888,fe,bi,mi,sil,ra,te,su,sil1,cha,ba,sil2,[0.665000000000191],,,,,,,,,,,,,,,,,,,,,,,,,,,,,,,,,,,,,,,,,,,,,,,,,,,,,,,,,,
,,,,,,,s114,A,2024-02-19_20h04.52.495,Unsyncopated_study2,2022.2.5,MacIntel,120.4819277,,,,,,,,,,,,,,,,,,,,,,,,,,,,,,,,,,,,,,,,,,,,,,,,,,,,,,,,,,,,,,,,,,,,,,,,,,,,,,,,,,,,,,,,,,,,,,,,,,,,,,,,,,,,,,,,,,,,,,,,,,,,,,,,,,,,,,,,,,,,"[""space""]",0,2,2,1,1,Online_conjL2_un//b.fe.ra9.0.888.wav,0,888,fe,ñu,cha,sil,ra,to,bi,sil1,te,ba,sil2,[0.7104999999999109],,,,,,,,,,,,,,,,,,,,,,,,,,,,,,,,,,,,,,,,,,,,,,,,,,,,,,,,,,
,,,,,,,s114,A,2024-02-19_20h04.52.495,Unsyncopated_study2,2022.2.5,MacIntel,120.4819277,,,,,,,,,,,,,,,,,,,,,,,,,,,,,,,,,,,,,,,,,,,,,,,,,,,,,,,,,,,,,,,,,,,,,,,,,,,,,,,,,,,,,,,,,,,,,,,,,,,,,,,,,,,,,,,,,,,,,,,,,,,,,,,,,,,,,,,,,,,,"[""space""]",0,3,3,2,1,Online_conjL2_un//b.fe.ra10.0.888.wav,0,888,fe,ñu,cha,sil,ra,mi,bi,sil1,me,si,sil2,[0.8508999999985463],,,,,,,,,,,,,,,,,,,,,,,,,,,,,,,,,,,,,,,,,,,,,,,,,,,,,,,,,,
,,,,,,,s114,A,2024-02-19_20h04.52.495,Unsyncopated_study2,2022.2.5,MacIntel,120.4819277,,,,,,,,,,,,,,,,,,,,,,,,,,,,,,,,,,,,,,,,,,,,,,,,,,,,,,,,,,,,,,,,,,,,,,,,,,,,,,,,,,,,,,,,,,,,,,,,,,,,,,,,,,,,,,,,,,,,,,,,,,,,,,,,,,,,,,,,,,,,,,,,,,,,,,,,,,,,,,,,,0,14,14,18,1,fe,ra,40:44,blue,,,,,,,,,,,,,,,,,,,,,,,,,,,,,,,,,,,,,,,,,,,,,,,,,
,,,,,,,s114,A,2024-02-19_20h04.52.495,Unsyncopated_study2,2022.2.5,MacIntel,120.4819277,,,,,,,,,,,,,,,,,,,,,,,,,,,,,,,,,,,,,,,,,,,,,,,,,,,,,,,,,,,,,,,,,,,,,,,,,,,,,,,,,,,,,,,,,,,,,,,,,,,,,,,,,,,,,,,,,,,,,,,,,,,,,,,,,,,,,,,,,,,,,0,0,0,3,1,Online_conjL2_un//d.si.ñu23.none.none.wav,none,none,su,to,ñi,sil,go,mi,cha,sil1,du,ba,sil2,,,,,,,,,,,,,,,,,,,,,,,,,,,,,,,,,,,,,,,,,,,,,,,,,,,,,,,,,,,
,,,,,,,s114,A,2024-02-19_20h04.52.495,Unsyncopated_study2,2022.2.5,MacIntel,120.4819277,,,,,,,,,,,,,,,,,,,,,,,,,,,,,,,,,,,,,,,,,,,,,,,,,,,,,,,,,,,,,,,,,,,,,,,,,,,,,,,,,,,,,,,,,,,,,,,,,,,,,,,,,,,,,,,,,,,,,,,,,,,,,,,,,,,,,,,,,,,,,0,1,1,1,1,Online_conjL2_un//d.si.ñu21.none.none.wav,none,none,fe,ba,mi,sil,ra,cha,su,sil1,to,me,sil2,,,,,,,,,,,,,,,,,,,,,,,,,,,,,,,,,,,,,,,,,,,,,,,,,,,,,,,,,,,
,,,,,,,s114,A,2024-02-19_20h04.52.495,Unsyncopated_study2,2022.2.5,MacIntel,120.4819277,,,,,,,,,,,,,,,,,,,,,,,,,,,,,,,,,,,,,,,,,,,,,,,,,,,,,,,,,,,,,,,,,,,,,,,,,,,,,,,,,,,,,,,,,,,,,,,,,,,,,,,,,,,,,,,,,,,,,,,,,,,,,,,,,,,,,,,,,,,,"[""space""]",0,2,2,0,1,Online_conjL2_un//d.si.ñu20.1776.222.wav,1776,222,fe,ñu,cha,sil,ra,bi,te,sil1,si,ñi,sil2,[2.3350000000000364],,,,,,,,,,,,,,,,,,,,,,,,,,,,,,,,,,,,,,,,,,,,,,,,,,,,,,,,,,
,,,,,,,s114,A,2024-02-19_20h04.52.495,Unsyncopated_study2,2022.2.5,MacIntel,120.4819277,,,,,,,,,,,,,,,,,,,,,,,,,,,,,,,,,,,,,,,,,,,,,,,,,,,,,,,,,,,,,,,,,,,,,,,,,,,,,,,,,,,,,,,,,,,,,,,,,,,,,,,,,,,,,,,,,,,,,,,,,,,,,,,,,,,,,,,,,,,,"[""space""]",0,3,3,2,1,Online_conjL2_un//d.si.ñu22.none.none.wav,none,none,go,su,to,sil,du,ñi,me,sil1,bi,mi,sil2,[1.2356999999992695],,,,,,,,,,,,,,,,,,,,,,,,,,,,,,,,,,,,,,,,,,,,,,,,,,,,,,,,,,
,,,,,,,s114,A,2024-02-19_20h04.52.495,Unsyncopated_study2,2022.2.5,MacIntel,120.4819277,,,,,,,,,,,,,,,,,,,,,,,,,,,,,,,,,,,,,,,,,,,,,,,,,,,,,,,,,,,,,,,,,,,,,,,,,,,,,,,,,,,,,,,,,,,,,,,,,,,,,,,,,,,,,,,,,,,,,,,,,,,,,,,,,,,,,,,,,,,,,,,,,,,,,,,,,,,,,,,,,0,15,15,5,1,si,ñu,116:120,orange,,,,,,,,,,,,,,,,,,,,,,,,,,,,,,,,,,,,,,,,,,,,,,,,,
,,,,,,,s114,A,2024-02-19_20h04.52.495,Unsyncopated_study2,2022.2.5,MacIntel,120.4819277,,,,,,,,,,,,,,,,,,,,,,,,,,,,,,,,,,,,,,,,,,,,,,,,,,,,,,,,,,,,,,,,,,,,,,,,,,,,,,,,,,,,,,,,,,,,,,,,,,,,,,,,,,,,,,,,,,,,,,,,,,,,,,,,,,,,,,,,,,,,,0,0,0,0,1,Online_conjL2_un//a.go.du4.none.none.wav,none,none,ñi,ba,cha,sil,fe,bi,ñu,sil1,ra,mi,sil2,,,,,,,,,,,,,,,,,,,,,,,,,,,,,,,,,,,,,,,,,,,,,,,,,,,,,,,,,,,
,,,,,,,s114,A,2024-02-19_20h04.52.495,Unsyncopated_study2,2022.2.5,MacIntel,120.4819277,,,,,,,,,,,,,,,,,,,,,,,,,,,,,,,,,,,,,,,,,,,,,,,,,,,,,,,,,,,,,,,,,,,,,,,,,,,,,,,,,,,,,,,,,,,,,,,,,,,,,,,,,,,,,,,,,,,,,,,,,,,,,,,,,,,,,,,,,,,,,0,1,1,2,1,Online_conjL2_un//a.go.du6.none.none.wav,none,none,ñu,ba,bi,sil,fe,me,su,sil1,ra,to,sil2,,,,,,,,,,,,,,,,,,,,,,,,,,,,,,,,,,,,,,,,,,,,,,,,,,,,,,,,,,,
,,,,,,,s114,A,2024-02-19_20h04.52.495,Unsyncopated_study2,2022.2.5,MacIntel,120.4819277,,,,,,,,,,,,,,,,,,,,,,,,,,,,,,,,,,,,,,,,,,,,,,,,,,,,,,,,,,,,,,,,,,,,,,,,,,,,,,,,,,,,,,,,,,,,,,,,,,,,,,,,,,,,,,,,,,,,,,,,,,,,,,,,,,,,,,,,,,,,,0,2,2,1,1,Online_conjL2_un//a.go.du5.none.none.wav,none,none,fe,bi,me,sil,ra,to,si,sil1,ñi,ñu,sil2,,,,,,,,,,,,,,,,,,,,,,,,,,,,,,,,,,,,,,,,,,,,,,,,,,,,,,,,,,,
,,,,,,,s114,A,2024-02-19_20h04.52.495,Unsyncopated_study2,2022.2.5,MacIntel,120.4819277,,,,,,,,,,,,,,,,,,,,,,,,,,,,,,,,,,,,,,,,,,,,,,,,,,,,,,,,,,,,,,,,,,,,,,,,,,,,,,,,,,,,,,,,,,,,,,,,,,,,,,,,,,,,,,,,,,,,,,,,,,,,,,,,,,,,,,,,,,,,,0,3,3,3,1,Online_conjL2_un//a.go.du7.none.none.wav,none,none,to,ñi,su,sil,fe,si,ñu,sil1,ra,cha,sil2,,,,,,,,,,,,,,,,,,,,,,,,,,,,,,,,,,,,,,,,,,,,,,,,,,,,,,,,,,,
,,,,,,,s114,A,2024-02-19_20h04.52.495,Unsyncopated_study2,2022.2.5,MacIntel,120.4819277,,,,,,,,,,,,,,,,,,,,,,,,,,,,,,,,,,,,,,,,,,,,,,,,,,,,,,,,,,,,,,,,,,,,,,,,,,,,,,,,,,,,,,,,,,,,,,,,,,,,,,,,,,,,,,,,,,,,,,,,,,,,,,,,,,,,,,,,,,,,,,,,,,,,,,,,,,,,,,,,,0,16,16,26,1,du,go,4:8,red,,,,,,,,,,,,,,,,,,,,,,,,,,,,,,,,,,,,,,,,,,,,,,,,,
,,,,,,,s114,A,2024-02-19_20h04.52.495,Unsyncopated_study2,2022.2.5,MacIntel,120.4819277,,,,,,,,,,,,,,,,,,,,,,,,,,,,,,,,,,,,,,,,,,,,,,,,,,,,,,,,,,,,,,,,,,,,,,,,,,,,,,,,,,,,,,,,,,,,,,,,,,,,,,,,,,,,,,,,,,,,,,,,,,,,,,,,,,,,,,,,,,,,"[""space""]",0,0,0,3,1,Online_conjL2_un//b.fe.ra15.888.1776.wav,888,1776,si,me,to,sil,fe,su,ba,sil1,ra,bi,sil2,[1.6263999999985117],,,,,,,,,,,,,,,,,,,,,,,,,,,,,,,,,,,,,,,,,,,,,,,,,,,,,,,,,,
,,,,,,,s114,A,2024-02-19_20h04.52.495,Unsyncopated_study2,2022.2.5,MacIntel,120.4819277,,,,,,,,,,,,,,,,,,,,,,,,,,,,,,,,,,,,,,,,,,,,,,,,,,,,,,,,,,,,,,,,,,,,,,,,,,,,,,,,,,,,,,,,,,,,,,,,,,,,,,,,,,,,,,,,,,,,,,,,,,,,,,,,,,,,,,,,,,,,,0,1,1,1,1,Online_conjL2_un//b.fe.ra13.none.none.wav,none,none,ñu,bi,su,sil,go,mi,ba,sil1,du,cha,sil2,,,,,,,,,,,,,,,,,,,,,,,,,,,,,,,,,,,,,,,,,,,,,,,,,,,,,,,,,,,
,,,,,,,s114,A,2024-02-19_20h04.52.495,Unsyncopated_study2,2022.2.5,MacIntel,120.4819277,,,,,,,,,,,,,,,,,,,,,,,,,,,,,,,,,,,,,,,,,,,,,,,,,,,,,,,,,,,,,,,,,,,,,,,,,,,,,,,,,,,,,,,,,,,,,,,,,,,,,,,,,,,,,,,,,,,,,,,,,,,,,,,,,,,,,,,,,,,,"[""space""]",0,2,2,2,1,Online_conjL2_un//b.fe.ra14.0.888.wav,0,888,fe,si,ñu,sil,ra,mi,to,sil1,me,bi,sil2,[0.6884000000022752],,,,,,,,,,,,,,,,,,,,,,,,,,,,,,,,,,,,,,,,,,,,,,,,,,,,,,,,,,
,,,,,,,s114,A,2024-02-19_20h04.52.495,Unsyncopated_study2,2022.2.5,MacIntel,120.4819277,,,,,,,,,,,,,,,,,,,,,,,,,,,,,,,,,,,,,,,,,,,,,,,,,,,,,,,,,,,,,,,,,,,,,,,,,,,,,,,,,,,,,,,,,,,,,,,,,,,,,,,,,,,,,,,,,,,,,,,,,,,,,,,,,,,,,,,,,,,,,0,3,3,0,1,Online_conjL2_un//b.fe.ra12.none.none.wav,none,none,go,ñi,ba,sil,du,me,si,sil1,cha,to,sil2,,,,,,,,,,,,,,,,,,,,,,,,,,,,,,,,,,,,,,,,,,,,,,,,,,,,,,,,,,,
,,,,,,,s114,A,2024-02-19_20h04.52.495,Unsyncopated_study2,2022.2.5,MacIntel,120.4819277,,,,,,,,,,,,,,,,,,,,,,,,,,,,,,,,,,,,,,,,,,,,,,,,,,,,,,,,,,,,,,,,,,,,,,,,,,,,,,,,,,,,,,,,,,,,,,,,,,,,,,,,,,,,,,,,,,,,,,,,,,,,,,,,,,,,,,,,,,,,,,,,,,,,,,,,,,,,,,,,,0,17,17,30,1,fe,ra,44:48,blue,,,,,,,,,,,,,,,,,,,,,,,,,,,,,,,,,,,,,,,,,,,,,,,,,
,,,,,,,s114,A,2024-02-19_20h04.52.495,Unsyncopated_study2,2022.2.5,MacIntel,120.4819277,,,,,,,,,,,,,,,,,,,,,,,,,,,,,,,,,,,,,,,,,,,,,,,,,,,,,,,,,,,,,,,,,,,,,,,,,,,,,,,,,,,,,,,,,,,,,,,,,,,,,,,,,,,,,,,,,,,,,,,,,,,,,,,,,,,,,,,,,,,,,0,0,0,2,1,Online_conjL2_un//a.go.du30.none.none.wav,none,none,fe,cha,si,sil,ra,su,te,sil1,ba,bi,sil2,,,,,,,,,,,,,,,,,,,,,,,,,,,,,,,,,,,,,,,,,,,,,,,,,,,,,,,,,,,
,,,,,,,s114,A,2024-02-19_20h04.52.495,Unsyncopated_study2,2022.2.5,MacIntel,120.4819277,,,,,,,,,,,,,,,,,,,,,,,,,,,,,,,,,,,,,,,,,,,,,,,,,,,,,,,,,,,,,,,,,,,,,,,,,,,,,,,,,,,,,,,,,,,,,,,,,,,,,,,,,,,,,,,,,,,,,,,,,,,,,,,,,,,,,,,,,,,,,0,1,1,0,1,Online_conjL2_un//a.go.du28.none.none.wav,none,none,fe,cha,ba,sil,ra,mi,me,sil1,bi,te,sil2,,,,,,,,,,,,,,,,,,,,,,,,,,,,,,,,,,,,,,,,,,,,,,,,,,,,,,,,,,,
,,,,,,,s114,A,2024-02-19_20h04.52.495,Unsyncopated_study2,2022.2.5,MacIntel,120.4819277,,,,,,,,,,,,,,,,,,,,,,,,,,,,,,,,,,,,,,,,,,,,,,,,,,,,,,,,,,,,,,,,,,,,,,,,,,,,,,,,,,,,,,,,,,,,,,,,,,,,,,,,,,,,,,,,,,,,,,,,,,,,,,,,,,,,,,,,,,,,,0,2,2,3,1,Online_conjL2_un//a.go.du31.none.none.wav,none,none,fe,to,ñi,sil,ra,bi,ñu,sil1,su,si,sil2,,,,,,,,,,,,,,,,,,,,,,,,,,,,,,,,,,,,,,,,,,,,,,,,,,,,,,,,,,,
,,,,,,,s114,A,2024-02-19_20h04.52.495,Unsyncopated_study2,2022.2.5,MacIntel,120.4819277,,,,,,,,,,,,,,,,,,,,,,,,,,,,,,,,,,,,,,,,,,,,,,,,,,,,,,,,,,,,,,,,,,,,,,,,,,,,,,,,,,,,,,,,,,,,,,,,,,,,,,,,,,,,,,,,,,,,,,,,,,,,,,,,,,,,,,,,,,,,"[""space""]",0,3,3,1,1,Online_conjL2_un//a.go.du29.0.888.wav,888,0,go,mi,me,sil,du,to,bi,sil1,cha,ñu,sil2,[1.7593000000008487],,,,,,,,,,,,,,,,,,,,,,,,,,,,,,,,,,,,,,,,,,,,,,,,,,,,,,,,,,
,,,,,,,s114,A,2024-02-19_20h04.52.495,Unsyncopated_study2,2022.2.5,MacIntel,120.4819277,,,,,,,,,,,,,,,,,,,,,,,,,,,,,,,,,,,,,,,,,,,,,,,,,,,,,,,,,,,,,,,,,,,,,,,,,,,,,,,,,,,,,,,,,,,,,,,,,,,,,,,,,,,,,,,,,,,,,,,,,,,,,,,,,,,,,,,,,,,,,,,,,,,,,,,,,,,,,,,,,0,18,18,22,1,du,go,28:32,red,,,,,,,,,,,,,,,,,,,,,,,,,,,,,,,,,,,,,,,,,,,,,,,,,
,,,,,,,s114,A,2024-02-19_20h04.52.495,Unsyncopated_study2,2022.2.5,MacIntel,120.4819277,,,,,,,,,,,,,,,,,,,,,,,,,,,,,,,,,,,,,,,,,,,,,,,,,,,,,,,,,,,,,,,,,,,,,,,,,,,,,,,,,,,,,,,,,,,,,,,,,,,,,,,,,,,,,,,,,,,,,,,,,,,,,,,,,,,,,,,,,,,,"[""space""]",0,0,0,2,1,Online_conjL2_un//d.si.ñu6.444.1110.wav,444,1110,go,cha,si,sil,du,ñu,ba,sil1,me,to,sil2,[1.1638999999984208],,,,,,,,,,,,,,,,,,,,,,,,,,,,,,,,,,,,,,,,,,,,,,,,,,,,,,,,,,
,,,,,,,s114,A,2024-02-19_20h04.52.495,Unsyncopated_study2,2022.2.5,MacIntel,120.4819277,,,,,,,,,,,,,,,,,,,,,,,,,,,,,,,,,,,,,,,,,,,,,,,,,,,,,,,,,,,,,,,,,,,,,,,,,,,,,,,,,,,,,,,,,,,,,,,,,,,,,,,,,,,,,,,,,,,,,,,,,,,,,,,,,,,,,,,,,,,,"[""space""]",0,1,1,3,1,Online_conjL2_un//d.si.ñu7.none.none.wav,none,none,go,ñi,mi,sil,du,te,ba,sil1,su,to,sil2,[1.8705999999976939],,,,,,,,,,,,,,,,,,,,,,,,,,,,,,,,,,,,,,,,,,,,,,,,,,,,,,,,,,
,,,,,,,s114,A,2024-02-19_20h04.52.495,Unsyncopated_study2,2022.2.5,MacIntel,120.4819277,,,,,,,,,,,,,,,,,,,,,,,,,,,,,,,,,,,,,,,,,,,,,,,,,,,,,,,,,,,,,,,,,,,,,,,,,,,,,,,,,,,,,,,,,,,,,,,,,,,,,,,,,,,,,,,,,,,,,,,,,,,,,,,,,,,,,,,,,,,,,0,2,2,1,1,Online_conjL2_un//d.si.ñu5.none.none.wav,none,none,bi,ñi,mi,sil,fe,te,ba,sil1,ra,to,sil2,,,,,,,,,,,,,,,,,,,,,,,,,,,,,,,,,,,,,,,,,,,,,,,,,,,,,,,,,,,
,,,,,,,s114,A,2024-02-19_20h04.52.495,Unsyncopated_study2,2022.2.5,MacIntel,120.4819277,,,,,,,,,,,,,,,,,,,,,,,,,,,,,,,,,,,,,,,,,,,,,,,,,,,,,,,,,,,,,,,,,,,,,,,,,,,,,,,,,,,,,,,,,,,,,,,,,,,,,,,,,,,,,,,,,,,,,,,,,,,,,,,,,,,,,,,,,,,,"[""space""]",0,3,3,0,1,Online_conjL2_un//d.si.ñu4.1332.444.wav,1332,444,go,me,ñu,sil,du,cha,si,sil1,bi,to,sil2,[2.0203000000005886],,,,,,,,,,,,,,,,,,,,,,,,,,,,,,,,,,,,,,,,,,,,,,,,,,,,,,,,,,
,,,,,,,s114,A,2024-02-19_20h04.52.495,Unsyncopated_study2,2022.2.5,MacIntel,120.4819277,,,,,,,,,,,,,,,,,,,,,,,,,,,,,,,,,,,,,,,,,,,,,,,,,,,,,,,,,,,,,,,,,,,,,,,,,,,,,,,,,,,,,,,,,,,,,,,,,,,,,,,,,,,,,,,,,,,,,,,,,,,,,,,,,,,,,,,,,,,,,,,,,,,,,,,,,,,,,,,,,0,19,19,7,1,si,ñu,100:104,orange,,,,,,,,,,,,,,,,,,,,,,,,,,,,,,,,,,,,,,,,,,,,,,,,,
,,,,,,,s114,A,2024-02-19_20h04.52.495,Unsyncopated_study2,2022.2.5,MacIntel,120.4819277,,,,,,,,,,,,,,,,,,,,,,,,,,,,,,,,,,,,,,,,,,,,,,,,,,,,,,,,,,,,,,,,,,,,,,,,,,,,,,,,,,,,,,,,,,,,,,,,,,,,,,,,,,,,,,,,,,,,,,,,,,,,,,,,,,,,,,,,,,,,,0,0,0,0,1,Online_conjL2_un//b.fe.ra28.none.none.wav,none,none,me,cha,mi,sil,go,si,ñi,sil1,du,to,sil2,,,,,,,,,,,,,,,,,,,,,,,,,,,,,,,,,,,,,,,,,,,,,,,,,,,,,,,,,,,
,,,,,,,s114,A,2024-02-19_20h04.52.495,Unsyncopated_study2,2022.2.5,MacIntel,120.4819277,,,,,,,,,,,,,,,,,,,,,,,,,,,,,,,,,,,,,,,,,,,,,,,,,,,,,,,,,,,,,,,,,,,,,,,,,,,,,,,,,,,,,,,,,,,,,,,,,,,,,,,,,,,,,,,,,,,,,,,,,,,,,,,,,,,,,,,,,,,,"[""space""]",0,1,1,1,1,Online_conjL2_un//b.fe.ra29.0.888.wav,0,888,fe,ba,si,sil,ra,bi,cha,sil1,mi,ñu,sil2,[0.7478000000005522],,,,,,,,,,,,,,,,,,,,,,,,,,,,,,,,,,,,,,,,,,,,,,,,,,,,,,,,,,
,,,,,,,s114,A,2024-02-19_20h04.52.495,Unsyncopated_study2,2022.2.5,MacIntel,120.4819277,,,,,,,,,,,,,,,,,,,,,,,,,,,,,,,,,,,,,,,,,,,,,,,,,,,,,,,,,,,,,,,,,,,,,,,,,,,,,,,,,,,,,,,,,,,,,,,,,,,,,,,,,,,,,,,,,,,,,,,,,,,,,,,,,,,,,,,,,,,,,0,2,2,2,1,Online_conjL2_un//b.fe.ra30.none.none.wav,none,none,go,si,cha,sil,du,ba,te,sil1,ñu,ñi,sil2,,,,,,,,,,,,,,,,,,,,,,,,,,,,,,,,,,,,,,,,,,,,,,,,,,,,,,,,,,,
,,,,,,,s114,A,2024-02-19_20h04.52.495,Unsyncopated_study2,2022.2.5,MacIntel,120.4819277,,,,,,,,,,,,,,,,,,,,,,,,,,,,,,,,,,,,,,,,,,,,,,,,,,,,,,,,,,,,,,,,,,,,,,,,,,,,,,,,,,,,,,,,,,,,,,,,,,,,,,,,,,,,,,,,,,,,,,,,,,,,,,,,,,,,,,,,,,,,"[""space""]",0,3,3,3,1,Online_conjL2_un//b.fe.ra31.888.1776.wav,888,1776,ñu,to,me,sil,fe,cha,mi,sil1,ra,ba,sil2,[1.9246999999993477],,,,,,,,,,,,,,,,,,,,,,,,,,,,,,,,,,,,,,,,,,,,,,,,,,,,,,,,,,
,,,,,,,s114,A,2024-02-19_20h04.52.495,Unsyncopated_study2,2022.2.5,MacIntel,120.4819277,,,,,,,,,,,,,,,,,,,,,,,,,,,,,,,,,,,,,,,,,,,,,,,,,,,,,,,,,,,,,,,,,,,,,,,,,,,,,,,,,,,,,,,,,,,,,,,,,,,,,,,,,,,,,,,,,,,,,,,,,,,,,,,,,,,,,,,,,,,,,,,,,,,,,,,,,,,,,,,,,0,20,20,0,1,fe,ra,60:64,blue,,,,,,,,,,,,,,,,,,,,,,,,,,,,,,,,,,,,,,,,,,,,,,,,,
,,,,,,,s114,A,2024-02-19_20h04.52.495,Unsyncopated_study2,2022.2.5,MacIntel,120.4819277,,,,,,,,,,,,,,,,,,,,,,,,,,,,,,,,,,,,,,,,,,,,,,,,,,,,,,,,,,,,,,,,,,,,,,,,,,,,,,,,,,,,,,,,,,,,,,,,,,,,,,,,,,,,,,,,,,,,,,,,,,,,,,,,,,,,,,,,,,,,"[""space""]",0,0,0,0,1,Online_conjL2_un//b.fe.ra16.0.888.wav,0,888,fe,ñi,mi,sil,ra,bi,su,sil1,ñu,me,sil2,[0.8563000000006014],,,,,,,,,,,,,,,,,,,,,,,,,,,,,,,,,,,,,,,,,,,,,,,,,,,,,,,,,,
,,,,,,,s114,A,2024-02-19_20h04.52.495,Unsyncopated_study2,2022.2.5,MacIntel,120.4819277,,,,,,,,,,,,,,,,,,,,,,,,,,,,,,,,,,,,,,,,,,,,,,,,,,,,,,,,,,,,,,,,,,,,,,,,,,,,,,,,,,,,,,,,,,,,,,,,,,,,,,,,,,,,,,,,,,,,,,,,,,,,,,,,,,,,,,,,,,,,,0,1,1,3,1,Online_conjL2_un//b.fe.ra19.none.none.wav,none,none,me,mi,to,sil,go,ñu,ñi,sil1,du,ba,sil2,,,,,,,,,,,,,,,,,,,,,,,,,,,,,,,,,,,,,,,,,,,,,,,,,,,,,,,,,,,
,,,,,,,s114,A,2024-02-19_20h04.52.495,Unsyncopated_study2,2022.2.5,MacIntel,120.4819277,,,,,,,,,,,,,,,,,,,,,,,,,,,,,,,,,,,,,,,,,,,,,,,,,,,,,,,,,,,,,,,,,,,,,,,,,,,,,,,,,,,,,,,,,,,,,,,,,,,,,,,,,,,,,,,,,,,,,,,,,,,,,,,,,,,,,,,,,,,,"[""space""]",0,2,2,1,1,Online_conjL2_un//b.fe.ra17.0.888.wav,0,888,fe,cha,mi,sil,ra,si,su,sil1,ba,ñi,sil2,[0.7965999999978521],,,,,,,,,,,,,,,,,,,,,,,,,,,,,,,,,,,,,,,,,,,,,,,,,,,,,,,,,,
,,,,,,,s114,A,2024-02-19_20h04.52.495,Unsyncopated_study2,2022.2.5,MacIntel,120.4819277,,,,,,,,,,,,,,,,,,,,,,,,,,,,,,,,,,,,,,,,,,,,,,,,,,,,,,,,,,,,,,,,,,,,,,,,,,,,,,,,,,,,,,,,,,,,,,,,,,,,,,,,,,,,,,,,,,,,,,,,,,,,,,,,,,,,,,,,,,,,,0,3,3,2,1,Online_conjL2_un//b.fe.ra18.none.none.wav,none,none,go,su,bi,sil,du,te,si,sil1,ñu,to,sil2,,,,,,,,,,,,,,,,,,,,,,,,,,,,,,,,,,,,,,,,,,,,,,,,,,,,,,,,,,,
,,,,,,,s114,A,2024-02-19_20h04.52.495,Unsyncopated_study2,2022.2.5,MacIntel,120.4819277,,,,,,,,,,,,,,,,,,,,,,,,,,,,,,,,,,,,,,,,,,,,,,,,,,,,,,,,,,,,,,,,,,,,,,,,,,,,,,,,,,,,,,,,,,,,,,,,,,,,,,,,,,,,,,,,,,,,,,,,,,,,,,,,,,,,,,,,,,,,,,,,,,,,,,,,,,,,,,,,,0,21,21,17,1,fe,ra,48:52,blue,,,,,,,,,,,,,,,,,,,,,,,,,,,,,,,,,,,,,,,,,,,,,,,,,
,,,,,,,s114,A,2024-02-19_20h04.52.495,Unsyncopated_study2,2022.2.5,MacIntel,120.4819277,,,,,,,,,,,,,,,,,,,,,,,,,,,,,,,,,,,,,,,,,,,,,,,,,,,,,,,,,,,,,,,,,,,,,,,,,,,,,,,,,,,,,,,,,,,,,,,,,,,,,,,,,,,,,,,,,,,,,,,,,,,,,,,,,,,,,,,,,,,,,0,0,0,3,1,Online_conjL2_un//c.cha.me19.none.none.wav,none,none,bi,mi,to,sil,go,ñu,si,sil1,du,ñi,sil2,,,,,,,,,,,,,,,,,,,,,,,,,,,,,,,,,,,,,,,,,,,,,,,,,,,,,,,,,,,
,,,,,,,s114,A,2024-02-19_20h04.52.495,Unsyncopated_study2,2022.2.5,MacIntel,120.4819277,,,,,,,,,,,,,,,,,,,,,,,,,,,,,,,,,,,,,,,,,,,,,,,,,,,,,,,,,,,,,,,,,,,,,,,,,,,,,,,,,,,,,,,,,,,,,,,,,,,,,,,,,,,,,,,,,,,,,,,,,,,,,,,,,,,,,,,,,,,,,0,1,1,0,1,Online_conjL2_un//c.cha.me16.none.none.wav,none,none,te,mi,si,sil,fe,ñi,bi,sil1,ra,ñu,sil2,,,,,,,,,,,,,,,,,,,,,,,,,,,,,,,,,,,,,,,,,,,,,,,,,,,,,,,,,,,
,,,,,,,s114,A,2024-02-19_20h04.52.495,Unsyncopated_study2,2022.2.5,MacIntel,120.4819277,,,,,,,,,,,,,,,,,,,,,,,,,,,,,,,,,,,,,,,,,,,,,,,,,,,,,,,,,,,,,,,,,,,,,,,,,,,,,,,,,,,,,,,,,,,,,,,,,,,,,,,,,,,,,,,,,,,,,,,,,,,,,,,,,,,,,,,,,,,,,0,2,2,2,1,Online_conjL2_un//c.cha.me18.none.none.wav,none,none,ba,su,mi,sil,go,ñu,te,sil1,du,ñi,sil2,,,,,,,,,,,,,,,,,,,,,,,,,,,,,,,,,,,,,,,,,,,,,,,,,,,,,,,,,,,
,,,,,,,s114,A,2024-02-19_20h04.52.495,Unsyncopated_study2,2022.2.5,MacIntel,120.4819277,,,,,,,,,,,,,,,,,,,,,,,,,,,,,,,,,,,,,,,,,,,,,,,,,,,,,,,,,,,,,,,,,,,,,,,,,,,,,,,,,,,,,,,,,,,,,,,,,,,,,,,,,,,,,,,,,,,,,,,,,,,,,,,,,,,,,,,,,,,,"[""space""]",0,3,3,1,1,Online_conjL2_un//c.cha.me17.1332.444.wav,1332,444,bi,ba,me,sil,go,ñi,cha,sil1,du,si,sil2,[2.0821000000014465],,,,,,,,,,,,,,,,,,,,,,,,,,,,,,,,,,,,,,,,,,,,,,,,,,,,,,,,,,
,,,,,,,s114,A,2024-02-19_20h04.52.495,Unsyncopated_study2,2022.2.5,MacIntel,120.4819277,,,,,,,,,,,,,,,,,,,,,,,,,,,,,,,,,,,,,,,,,,,,,,,,,,,,,,,,,,,,,,,,,,,,,,,,,,,,,,,,,,,,,,,,,,,,,,,,,,,,,,,,,,,,,,,,,,,,,,,,,,,,,,,,,,,,,,,,,,,,,,,,,,,,,,,,,,,,,,,,,0,22,22,13,1,cha,me,80:84,green,,,,,,,,,,,,,,,,,,,,,,,,,,,,,,,,,,,,,,,,,,,,,,,,,
,,,,,,,s114,A,2024-02-19_20h04.52.495,Unsyncopated_study2,2022.2.5,MacIntel,120.4819277,,,,,,,,,,,,,,,,,,,,,,,,,,,,,,,,,,,,,,,,,,,,,,,,,,,,,,,,,,,,,,,,,,,,,,,,,,,,,,,,,,,,,,,,,,,,,,,,,,,,,,,,,,,,,,,,,,,,,,,,,,,,,,,,,,,,,,,,,,,,,0,0,0,2,1,Online_conjL2_un//b.fe.ra22.none.none.wav,none,none,go,te,to,sil,du,me,ñu,sil1,ñi,si,sil2,,,,,,,,,,,,,,,,,,,,,,,,,,,,,,,,,,,,,,,,,,,,,,,,,,,,,,,,,,,
,,,,,,,s114,A,2024-02-19_20h04.52.495,Unsyncopated_study2,2022.2.5,MacIntel,120.4819277,,,,,,,,,,,,,,,,,,,,,,,,,,,,,,,,,,,,,,,,,,,,,,,,,,,,,,,,,,,,,,,,,,,,,,,,,,,,,,,,,,,,,,,,,,,,,,,,,,,,,,,,,,,,,,,,,,,,,,,,,,,,,,,,,,,,,,,,,,,,,0,1,1,1,1,Online_conjL2_un//b.fe.ra21.none.none.wav,none,none,bi,ba,to,sil,go,te,si,sil1,du,me,sil2,,,,,,,,,,,,,,,,,,,,,,,,,,,,,,,,,,,,,,,,,,,,,,,,,,,,,,,,,,,
,,,,,,,s114,A,2024-02-19_20h04.52.495,Unsyncopated_study2,2022.2.5,MacIntel,120.4819277,,,,,,,,,,,,,,,,,,,,,,,,,,,,,,,,,,,,,,,,,,,,,,,,,,,,,,,,,,,,,,,,,,,,,,,,,,,,,,,,,,,,,,,,,,,,,,,,,,,,,,,,,,,,,,,,,,,,,,,,,,,,,,,,,,,,,,,,,,,,,0,2,2,3,1,Online_conjL2_un//b.fe.ra23.none.none.wav,none,none,ñu,ba,mi,sil,go,to,ñi,sil1,du,bi,sil2,,,,,,,,,,,,,,,,,,,,,,,,,,,,,,,,,,,,,,,,,,,,,,,,,,,,,,,,,,,
,,,,,,,s114,A,2024-02-19_20h04.52.495,Unsyncopated_study2,2022.2.5,MacIntel,120.4819277,,,,,,,,,,,,,,,,,,,,,,,,,,,,,,,,,,,,,,,,,,,,,,,,,,,,,,,,,,,,,,,,,,,,,,,,,,,,,,,,,,,,,,,,,,,,,,,,,,,,,,,,,,,,,,,,,,,,,,,,,,,,,,,,,,,,,,,,,,,,"[""space""]",0,3,3,0,1,Online_conjL2_un//b.fe.ra20.888.1776.wav,888,1776,bi,ñi,me,sil,fe,cha,si,sil1,ra,su,sil2,[1.660900000002357],,,,,,,,,,,,,,,,,,,,,,,,,,,,,,,,,,,,,,,,,,,,,,,,,,,,,,,,,,
,,,,,,,s114,A,2024-02-19_20h04.52.495,Unsyncopated_study2,2022.2.5,MacIntel,120.4819277,,,,,,,,,,,,,,,,,,,,,,,,,,,,,,,,,,,,,,,,,,,,,,,,,,,,,,,,,,,,,,,,,,,,,,,,,,,,,,,,,,,,,,,,,,,,,,,,,,,,,,,,,,,,,,,,,,,,,,,,,,,,,,,,,,,,,,,,,,,,,,,,,,,,,,,,,,,,,,,,,0,23,23,1,1,fe,ra,52:56,blue,,,,,,,,,,,,,,,,,,,,,,,,,,,,,,,,,,,,,,,,,,,,,,,,,
,,,,,,,s114,A,2024-02-19_20h04.52.495,Unsyncopated_study2,2022.2.5,MacIntel,120.4819277,,,,,,,,,,,,,,,,,,,,,,,,,,,,,,,,,,,,,,,,,,,,,,,,,,,,,,,,,,,,,,,,,,,,,,,,,,,,,,,,,,,,,,,,,,,,,,,,,,,,,,,,,,,,,,,,,,,,,,,,,,,,,,,,,,,,,,,,,,,,"[""space""]",0,0,0,2,1,Online_conjL2_un//d.si.ñu2.1776.444.wav,1776,444,go,ba,ñu,sil,du,to,su,sil1,si,ñi,sil2,[2.585199999999304],,,,,,,,,,,,,,,,,,,,,,,,,,,,,,,,,,,,,,,,,,,,,,,,,,,,,,,,,,
,,,,,,,s114,A,2024-02-19_20h04.52.495,Unsyncopated_study2,2022.2.5,MacIntel,120.4819277,,,,,,,,,,,,,,,,,,,,,,,,,,,,,,,,,,,,,,,,,,,,,,,,,,,,,,,,,,,,,,,,,,,,,,,,,,,,,,,,,,,,,,,,,,,,,,,,,,,,,,,,,,,,,,,,,,,,,,,,,,,,,,,,,,,,,,,,,,,,,0,1,1,0,1,Online_conjL2_un//d.si.ñu0.none.none.wav,none,none,go,cha,ba,sil,du,ñi,bi,sil1,su,to,sil2,,,,,,,,,,,,,,,,,,,,,,,,,,,,,,,,,,,,,,,,,,,,,,,,,,,,,,,,,,,
,,,,,,,s114,A,2024-02-19_20h04.52.495,Unsyncopated_study2,2022.2.5,MacIntel,120.4819277,,,,,,,,,,,,,,,,,,,,,,,,,,,,,,,,,,,,,,,,,,,,,,,,,,,,,,,,,,,,,,,,,,,,,,,,,,,,,,,,,,,,,,,,,,,,,,,,,,,,,,,,,,,,,,,,,,,,,,,,,,,,,,,,,,,,,,,,,,,,,0,2,2,3,1,Online_conjL2_un//d.si.ñu3.none.none.wav,none,none,to,ba,te,sil,fe,cha,bi,sil1,ra,me,sil2,,,,,,,,,,,,,,,,,,,,,,,,,,,,,,,,,,,,,,,,,,,,,,,,,,,,,,,,,,,
,,,,,,,s114,A,2024-02-19_20h04.52.495,Unsyncopated_study2,2022.2.5,MacIntel,120.4819277,,,,,,,,,,,,,,,,,,,,,,,,,,,,,,,,,,,,,,,,,,,,,,,,,,,,,,,,,,,,,,,,,,,,,,,,,,,,,,,,,,,,,,,,,,,,,,,,,,,,,,,,,,,,,,,,,,,,,,,,,,,,,,,,,,,,,,,,,,,,"[""space"",""space""]",0,3,3,1,1,Online_conjL2_un//d.si.ñu1.222.1332.wav,222,1332,fe,si,ba,sil,ra,su,ñu,sil1,ñi,me,sil2,"[0.9221999999992931,2.4190999999977976]",,,,,,,,,,,,,,,,,,,,,,,,,,,,,,,,,,,,,,,,,,,,,,,,,,,,,,,,,,
,,,,,,,s114,A,2024-02-19_20h04.52.495,Unsyncopated_study2,2022.2.5,MacIntel,120.4819277,,,,,,,,,,,,,,,,,,,,,,,,,,,,,,,,,,,,,,,,,,,,,,,,,,,,,,,,,,,,,,,,,,,,,,,,,,,,,,,,,,,,,,,,,,,,,,,,,,,,,,,,,,,,,,,,,,,,,,,,,,,,,,,,,,,,,,,,,,,,,,,,,,,,,,,,,,,,,,,,,0,24,24,28,1,si,ñu,96:100,orange,,,,,,,,,,,,,,,,,,,,,,,,,,,,,,,,,,,,,,,,,,,,,,,,,
,,,,,,,s114,A,2024-02-19_20h04.52.495,Unsyncopated_study2,2022.2.5,MacIntel,120.4819277,,,,,,,,,,,,,,,,,,,,,,,,,,,,,,,,,,,,,,,,,,,,,,,,,,,,,,,,,,,,,,,,,,,,,,,,,,,,,,,,,,,,,,,,,,,,,,,,,,,,,,,,,,,,,,,,,,,,,,,,,,,,,,,,,,,,,,,,,,,,,0,0,0,0,1,Online_conjL2_un//c.cha.me28.222.444.wav,222,444,go,cha,me,sil,du,mi,ba,sil1,bi,to,sil2,,,,,,,,,,,,,,,,,,,,,,,,,,,,,,,,,,,,,,,,,,,,,,,,,,,,,,,,,,,
,,,,,,,s114,A,2024-02-19_20h04.52.495,Unsyncopated_study2,2022.2.5,MacIntel,120.4819277,,,,,,,,,,,,,,,,,,,,,,,,,,,,,,,,,,,,,,,,,,,,,,,,,,,,,,,,,,,,,,,,,,,,,,,,,,,,,,,,,,,,,,,,,,,,,,,,,,,,,,,,,,,,,,,,,,,,,,,,,,,,,,,,,,,,,,,,,,,,"[""space""]",0,1,1,2,1,Online_conjL2_un//c.cha.me30.0.1110.wav,0,1110,cha,mi,ba,sil,fe,me,si,sil1,ra,ñi,sil2,[0.6673999999984517],,,,,,,,,,,,,,,,,,,,,,,,,,,,,,,,,,,,,,,,,,,,,,,,,,,,,,,,,,
,,,,,,,s114,A,2024-02-19_20h04.52.495,Unsyncopated_study2,2022.2.5,MacIntel,120.4819277,,,,,,,,,,,,,,,,,,,,,,,,,,,,,,,,,,,,,,,,,,,,,,,,,,,,,,,,,,,,,,,,,,,,,,,,,,,,,,,,,,,,,,,,,,,,,,,,,,,,,,,,,,,,,,,,,,,,,,,,,,,,,,,,,,,,,,,,,,,,,0,2,2,1,1,Online_conjL2_un//c.cha.me29.none.none.wav,none,none,ba,ñu,mi,sil,fe,te,si,sil1,ra,ñi,sil2,,,,,,,,,,,,,,,,,,,,,,,,,,,,,,,,,,,,,,,,,,,,,,,,,,,,,,,,,,,
,,,,,,,s114,A,2024-02-19_20h04.52.495,Unsyncopated_study2,2022.2.5,MacIntel,120.4819277,,,,,,,,,,,,,,,,,,,,,,,,,,,,,,,,,,,,,,,,,,,,,,,,,,,,,,,,,,,,,,,,,,,,,,,,,,,,,,,,,,,,,,,,,,,,,,,,,,,,,,,,,,,,,,,,,,,,,,,,,,,,,,,,,,,,,,,,,,,,,0,3,3,3,1,Online_conjL2_un//c.cha.me31.none.none.wav,none,none,fe,ñi,ba,sil,ra,si,te,sil1,ñu,mi,sil2,,,,,,,,,,,,,,,,,,,,,,,,,,,,,,,,,,,,,,,,,,,,,,,,,,,,,,,,,,,
,,,,,,,s114,A,2024-02-19_20h04.52.495,Unsyncopated_study2,2022.2.5,MacIntel,120.4819277,,,,,,,,,,,,,,,,,,,,,,,,,,,,,,,,,,,,,,,,,,,,,,,,,,,,,,,,,,,,,,,,,,,,,,,,,,,,,,,,,,,,,,,,,,,,,,,,,,,,,,,,,,,,,,,,,,,,,,,,,,,,,,,,,,,,,,,,,,,,,,,,,,,,,,,,,,,,,,,,,0,25,25,29,1,cha,me,92:96,green,,,,,,,,,,,,,,,,,,,,,,,,,,,,,,,,,,,,,,,,,,,,,,,,,
,,,,,,,s114,A,2024-02-19_20h04.52.495,Unsyncopated_study2,2022.2.5,MacIntel,120.4819277,,,,,,,,,,,,,,,,,,,,,,,,,,,,,,,,,,,,,,,,,,,,,,,,,,,,,,,,,,,,,,,,,,,,,,,,,,,,,,,,,,,,,,,,,,,,,,,,,,,,,,,,,,,,,,,,,,,,,,,,,,,,,,,,,,,,,,,,,,,,"[""space""]",0,0,0,1,1,Online_conjL2_un//d.si.ñu17.1110.0.wav,1110,0,ñu,bi,te,sil,fe,si,me,sil1,ra,ba,sil2,[1.7100000000000364],,,,,,,,,,,,,,,,,,,,,,,,,,,,,,,,,,,,,,,,,,,,,,,,,,,,,,,,,,
,,,,,,,s114,A,2024-02-19_20h04.52.495,Unsyncopated_study2,2022.2.5,MacIntel,120.4819277,,,,,,,,,,,,,,,,,,,,,,,,,,,,,,,,,,,,,,,,,,,,,,,,,,,,,,,,,,,,,,,,,,,,,,,,,,,,,,,,,,,,,,,,,,,,,,,,,,,,,,,,,,,,,,,,,,,,,,,,,,,,,,,,,,,,,,,,,,,,"[""space""]",0,1,1,3,1,Online_conjL2_un//d.si.ñu19.444.1332.wav,444,1332,go,su,si,sil,du,to,ñu,sil1,te,me,sil2,[1.1114999999999782],,,,,,,,,,,,,,,,,,,,,,,,,,,,,,,,,,,,,,,,,,,,,,,,,,,,,,,,,,
,,,,,,,s114,A,2024-02-19_20h04.52.495,Unsyncopated_study2,2022.2.5,MacIntel,120.4819277,,,,,,,,,,,,,,,,,,,,,,,,,,,,,,,,,,,,,,,,,,,,,,,,,,,,,,,,,,,,,,,,,,,,,,,,,,,,,,,,,,,,,,,,,,,,,,,,,,,,,,,,,,,,,,,,,,,,,,,,,,,,,,,,,,,,,,,,,,,,"[""space""]",0,2,2,0,1,Online_conjL2_un//d.si.ñu16.1110.222.wav,1110,222,te,ñu,mi,sil,go,si,to,sil1,du,me,sil2,[1.7616000000016356],,,,,,,,,,,,,,,,,,,,,,,,,,,,,,,,,,,,,,,,,,,,,,,,,,,,,,,,,,
,,,,,,,s114,A,2024-02-19_20h04.52.495,Unsyncopated_study2,2022.2.5,MacIntel,120.4819277,,,,,,,,,,,,,,,,,,,,,,,,,,,,,,,,,,,,,,,,,,,,,,,,,,,,,,,,,,,,,,,,,,,,,,,,,,,,,,,,,,,,,,,,,,,,,,,,,,,,,,,,,,,,,,,,,,,,,,,,,,,,,,,,,,,,,,,,,,,,"[""space""]",0,3,3,2,1,Online_conjL2_un//d.si.ñu18.1332.222.wav,1332,222,bi,ñu,me,sil,go,cha,si,sil1,du,ba,sil2,[2.487600000001521],,,,,,,,,,,,,,,,,,,,,,,,,,,,,,,,,,,,,,,,,,,,,,,,,,,,,,,,,,
,,,,,,,s114,A,2024-02-19_20h04.52.495,Unsyncopated_study2,2022.2.5,MacIntel,120.4819277,,,,,,,,,,,,,,,,,,,,,,,,,,,,,,,,,,,,,,,,,,,,,,,,,,,,,,,,,,,,,,,,,,,,,,,,,,,,,,,,,,,,,,,,,,,,,,,,,,,,,,,,,,,,,,,,,,,,,,,,,,,,,,,,,,,,,,,,,,,,,,,,,,,,,,,,,,,,,,,,,0,26,26,8,1,si,ñu,112:116,orange,,,,,,,,,,,,,,,,,,,,,,,,,,,,,,,,,,,,,,,,,,,,,,,,,
,,,,,,,s114,A,2024-02-19_20h04.52.495,Unsyncopated_study2,2022.2.5,MacIntel,120.4819277,,,,,,,,,,,,,,,,,,,,,,,,,,,,,,,,,,,,,,,,,,,,,,,,,,,,,,,,,,,,,,,,,,,,,,,,,,,,,,,,,,,,,,,,,,,,,,,,,,,,,,,,,,,,,,,,,,,,,,,,,,,,,,,,,,,,,,,,,,,,"[""space""]",0,0,0,3,1,Online_conjL2_un//c.cha.me15.444.1110.wav,444,1110,mi,ba,cha,sil,go,me,si,sil1,du,te,sil2,[1.1868000000006305],,,,,,,,,,,,,,,,,,,,,,,,,,,,,,,,,,,,,,,,,,,,,,,,,,,,,,,,,,
,,,,,,,s114,A,2024-02-19_20h04.52.495,Unsyncopated_study2,2022.2.5,MacIntel,120.4819277,,,,,,,,,,,,,,,,,,,,,,,,,,,,,,,,,,,,,,,,,,,,,,,,,,,,,,,,,,,,,,,,,,,,,,,,,,,,,,,,,,,,,,,,,,,,,,,,,,,,,,,,,,,,,,,,,,,,,,,,,,,,,,,,,,,,,,,,,,,,"[""space""]",0,1,1,0,1,Online_conjL2_un//c.cha.me12.1332.222.wav,1332,222,go,me,si,sil,du,ñu,cha,sil1,ñi,bi,sil2,[2.1310999999977867],,,,,,,,,,,,,,,,,,,,,,,,,,,,,,,,,,,,,,,,,,,,,,,,,,,,,,,,,,
,,,,,,,s114,A,2024-02-19_20h04.52.495,Unsyncopated_study2,2022.2.5,MacIntel,120.4819277,,,,,,,,,,,,,,,,,,,,,,,,,,,,,,,,,,,,,,,,,,,,,,,,,,,,,,,,,,,,,,,,,,,,,,,,,,,,,,,,,,,,,,,,,,,,,,,,,,,,,,,,,,,,,,,,,,,,,,,,,,,,,,,,,,,,,,,,,,,,,0,2,2,2,1,Online_conjL2_un//c.cha.me14.none.none.wav,none,none,fe,mi,su,sil,ra,si,ba,sil1,te,ñi,sil2,,,,,,,,,,,,,,,,,,,,,,,,,,,,,,,,,,,,,,,,,,,,,,,,,,,,,,,,,,,
,,,,,,,s114,A,2024-02-19_20h04.52.495,Unsyncopated_study2,2022.2.5,MacIntel,120.4819277,,,,,,,,,,,,,,,,,,,,,,,,,,,,,,,,,,,,,,,,,,,,,,,,,,,,,,,,,,,,,,,,,,,,,,,,,,,,,,,,,,,,,,,,,,,,,,,,,,,,,,,,,,,,,,,,,,,,,,,,,,,,,,,,,,,,,,,,,,,,,0,3,3,1,1,Online_conjL2_un//c.cha.me13.none.none.wav,none,none,go,bi,su,sil,du,si,te,sil1,mi,ñu,sil2,,,,,,,,,,,,,,,,,,,,,,,,,,,,,,,,,,,,,,,,,,,,,,,,,,,,,,,,,,,
,,,,,,,s114,A,2024-02-19_20h04.52.495,Unsyncopated_study2,2022.2.5,MacIntel,120.4819277,,,,,,,,,,,,,,,,,,,,,,,,,,,,,,,,,,,,,,,,,,,,,,,,,,,,,,,,,,,,,,,,,,,,,,,,,,,,,,,,,,,,,,,,,,,,,,,,,,,,,,,,,,,,,,,,,,,,,,,,,,,,,,,,,,,,,,,,,,,,,,,,,,,,,,,,,,,,,,,,,0,27,27,24,1,cha,me,76:80,green,,,,,,,,,,,,,,,,,,,,,,,,,,,,,,,,,,,,,,,,,,,,,,,,,
,,,,,,,s114,A,2024-02-19_20h04.52.495,Unsyncopated_study2,2022.2.5,MacIntel,120.4819277,,,,,,,,,,,,,,,,,,,,,,,,,,,,,,,,,,,,,,,,,,,,,,,,,,,,,,,,,,,,,,,,,,,,,,,,,,,,,,,,,,,,,,,,,,,,,,,,,,,,,,,,,,,,,,,,,,,,,,,,,,,,,,,,,,,,,,,,,,,,,0,0,0,2,1,Online_conjL2_un//c.cha.me2.1776.444.wav,1776,444,fe,su,me,sil,ra,mi,ba,sil1,cha,ñu,sil2,,,,,,,,,,,,,,,,,,,,,,,,,,,,,,,,,,,,,,,,,,,,,,,,,,,,,,,,,,,
,,,,,,,s114,A,2024-02-19_20h04.52.495,Unsyncopated_study2,2022.2.5,MacIntel,120.4819277,,,,,,,,,,,,,,,,,,,,,,,,,,,,,,,,,,,,,,,,,,,,,,,,,,,,,,,,,,,,,,,,,,,,,,,,,,,,,,,,,,,,,,,,,,,,,,,,,,,,,,,,,,,,,,,,,,,,,,,,,,,,,,,,,,,,,,,,,,,,"[""space""]",0,1,1,0,1,Online_conjL2_un//c.cha.me0.none.none.wav,none,none,si,mi,ba,sil,fe,su,te,sil1,ra,ñi,sil2,[0.10749999999984539],,,,,,,,,,,,,,,,,,,,,,,,,,,,,,,,,,,,,,,,,,,,,,,,,,,,,,,,,,
,,,,,,,s114,A,2024-02-19_20h04.52.495,Unsyncopated_study2,2022.2.5,MacIntel,120.4819277,,,,,,,,,,,,,,,,,,,,,,,,,,,,,,,,,,,,,,,,,,,,,,,,,,,,,,,,,,,,,,,,,,,,,,,,,,,,,,,,,,,,,,,,,,,,,,,,,,,,,,,,,,,,,,,,,,,,,,,,,,,,,,,,,,,,,,,,,,,,,0,2,2,1,1,Online_conjL2_un//c.cha.me1.none.none.wav,none,none,go,ba,mi,sil,du,ñi,ñu,sil1,bi,si,sil2,,,,,,,,,,,,,,,,,,,,,,,,,,,,,,,,,,,,,,,,,,,,,,,,,,,,,,,,,,,
,,,,,,,s114,A,2024-02-19_20h04.52.495,Unsyncopated_study2,2022.2.5,MacIntel,120.4819277,,,,,,,,,,,,,,,,,,,,,,,,,,,,,,,,,,,,,,,,,,,,,,,,,,,,,,,,,,,,,,,,,,,,,,,,,,,,,,,,,,,,,,,,,,,,,,,,,,,,,,,,,,,,,,,,,,,,,,,,,,,,,,,,,,,,,,,,,,,,"[""space""]",0,3,3,3,1,Online_conjL2_un//c.cha.me3.1776.1110.wav,1776,1110,go,mi,te,sil,du,me,bi,sil1,cha,su,sil2,[2.5453000000006796],,,,,,,,,,,,,,,,,,,,,,,,,,,,,,,,,,,,,,,,,,,,,,,,,,,,,,,,,,
,,,,,,,s114,A,2024-02-19_20h04.52.495,Unsyncopated_study2,2022.2.5,MacIntel,120.4819277,,,,,,,,,,,,,,,,,,,,,,,,,,,,,,,,,,,,,,,,,,,,,,,,,,,,,,,,,,,,,,,,,,,,,,,,,,,,,,,,,,,,,,,,,,,,,,,,,,,,,,,,,,,,,,,,,,,,,,,,,,,,,,,,,,,,,,,,,,,,,,,,,,,,,,,,,,,,,,,,,0,28,28,9,1,cha,me,64:68,green,,,,,,,,,,,,,,,,,,,,,,,,,,,,,,,,,,,,,,,,,,,,,,,,,
,,,,,,,s114,A,2024-02-19_20h04.52.495,Unsyncopated_study2,2022.2.5,MacIntel,120.4819277,,,,,,,,,,,,,,,,,,,,,,,,,,,,,,,,,,,,,,,,,,,,,,,,,,,,,,,,,,,,,,,,,,,,,,,,,,,,,,,,,,,,,,,,,,,,,,,,,,,,,,,,,,,,,,,,,,,,,,,,,,,,,,,,,,,,,,,,,,,,,0,0,0,3,1,Online_conjL2_un//d.si.ñu15.none.none.wav,none,none,su,mi,bi,sil,go,me,ba,sil1,du,te,sil2,,,,,,,,,,,,,,,,,,,,,,,,,,,,,,,,,,,,,,,,,,,,,,,,,,,,,,,,,,,
,,,,,,,s114,A,2024-02-19_20h04.52.495,Unsyncopated_study2,2022.2.5,MacIntel,120.4819277,,,,,,,,,,,,,,,,,,,,,,,,,,,,,,,,,,,,,,,,,,,,,,,,,,,,,,,,,,,,,,,,,,,,,,,,,,,,,,,,,,,,,,,,,,,,,,,,,,,,,,,,,,,,,,,,,,,,,,,,,,,,,,,,,,,,,,,,,,,,"[""space""]",0,1,1,1,1,Online_conjL2_un//d.si.ñu13.0.1110.wav,0,1110,si,su,ba,sil,fe,ñu,ñi,sil1,ra,mi,sil2,[0.686900000002197],,,,,,,,,,,,,,,,,,,,,,,,,,,,,,,,,,,,,,,,,,,,,,,,,,,,,,,,,,
,,,,,,,s114,A,2024-02-19_20h04.52.495,Unsyncopated_study2,2022.2.5,MacIntel,120.4819277,,,,,,,,,,,,,,,,,,,,,,,,,,,,,,,,,,,,,,,,,,,,,,,,,,,,,,,,,,,,,,,,,,,,,,,,,,,,,,,,,,,,,,,,,,,,,,,,,,,,,,,,,,,,,,,,,,,,,,,,,,,,,,,,,,,,,,,,,,,,,0,2,2,0,1,Online_conjL2_un//d.si.ñu12.none.none.wav,none,none,ba,bi,mi,sil,go,to,cha,sil1,du,te,sil2,,,,,,,,,,,,,,,,,,,,,,,,,,,,,,,,,,,,,,,,,,,,,,,,,,,,,,,,,,,
,,,,,,,s114,A,2024-02-19_20h04.52.495,Unsyncopated_study2,2022.2.5,MacIntel,120.4819277,,,,,,,,,,,,,,,,,,,,,,,,,,,,,,,,,,,,,,,,,,,,,,,,,,,,,,,,,,,,,,,,,,,,,,,,,,,,,,,,,,,,,,,,,,,,,,,,,,,,,,,,,,,,,,,,,,,,,,,,,,,,,,,,,,,,,,,,,,,,"[""space""]",0,3,3,2,1,Online_conjL2_un//d.si.ñu14.1110.222.wav,1110,222,fe,ñu,ñi,sil,ra,si,ba,sil1,te,su,sil2,[1.7868000000007669],,,,,,,,,,,,,,,,,,,,,,,,,,,,,,,,,,,,,,,,,,,,,,,,,,,,,,,,,,
,,,,,,,s114,A,2024-02-19_20h04.52.495,Unsyncopated_study2,2022.2.5,MacIntel,120.4819277,,,,,,,,,,,,,,,,,,,,,,,,,,,,,,,,,,,,,,,,,,,,,,,,,,,,,,,,,,,,,,,,,,,,,,,,,,,,,,,,,,,,,,,,,,,,,,,,,,,,,,,,,,,,,,,,,,,,,,,,,,,,,,,,,,,,,,,,,,,,,,,,,,,,,,,,,,,,,,,,,0,29,29,19,1,si,ñu,108:112,orange,,,,,,,,,,,,,,,,,,,,,,,,,,,,,,,,,,,,,,,,,,,,,,,,,
,,,,,,,s114,A,2024-02-19_20h04.52.495,Unsyncopated_study2,2022.2.5,MacIntel,120.4819277,,,,,,,,,,,,,,,,,,,,,,,,,,,,,,,,,,,,,,,,,,,,,,,,,,,,,,,,,,,,,,,,,,,,,,,,,,,,,,,,,,,,,,,,,,,,,,,,,,,,,,,,,,,,,,,,,,,,,,,,,,,,,,,,,,,,,,,,,,,,,0,0,0,0,1,Online_conjL2_un//a.go.du0.none.none.wav,none,none,fe,ñu,ba,sil,ra,mi,cha,sil1,bi,si,sil2,,,,,,,,,,,,,,,,,,,,,,,,,,,,,,,,,,,,,,,,,,,,,,,,,,,,,,,,,,,
,,,,,,,s114,A,2024-02-19_20h04.52.495,Unsyncopated_study2,2022.2.5,MacIntel,120.4819277,,,,,,,,,,,,,,,,,,,,,,,,,,,,,,,,,,,,,,,,,,,,,,,,,,,,,,,,,,,,,,,,,,,,,,,,,,,,,,,,,,,,,,,,,,,,,,,,,,,,,,,,,,,,,,,,,,,,,,,,,,,,,,,,,,,,,,,,,,,,"[""space""]",0,1,1,1,1,Online_conjL2_un//a.go.du1.0.888.wav,888,0,go,bi,si,sil,du,ñu,ba,sil1,mi,cha,sil2,[1.6012999999968542],,,,,,,,,,,,,,,,,,,,,,,,,,,,,,,,,,,,,,,,,,,,,,,,,,,,,,,,,,
,,,,,,,s114,A,2024-02-19_20h04.52.495,Unsyncopated_study2,2022.2.5,MacIntel,120.4819277,,,,,,,,,,,,,,,,,,,,,,,,,,,,,,,,,,,,,,,,,,,,,,,,,,,,,,,,,,,,,,,,,,,,,,,,,,,,,,,,,,,,,,,,,,,,,,,,,,,,,,,,,,,,,,,,,,,,,,,,,,,,,,,,,,,,,,,,,,,,,0,2,2,3,1,Online_conjL2_un//a.go.du3.none.none.wav,none,none,te,bi,su,sil,fe,me,ñi,sil1,ra,si,sil2,,,,,,,,,,,,,,,,,,,,,,,,,,,,,,,,,,,,,,,,,,,,,,,,,,,,,,,,,,,
,,,,,,,s114,A,2024-02-19_20h04.52.495,Unsyncopated_study2,2022.2.5,MacIntel,120.4819277,,,,,,,,,,,,,,,,,,,,,,,,,,,,,,,,,,,,,,,,,,,,,,,,,,,,,,,,,,,,,,,,,,,,,,,,,,,,,,,,,,,,,,,,,,,,,,,,,,,,,,,,,,,,,,,,,,,,,,,,,,,,,,,,,,,,,,,,,,,,"[""space""]",0,3,3,2,1,Online_conjL2_un//a.go.du2.888.1776.wav,1776,888,si,me,to,sil,go,bi,te,sil1,du,cha,sil2,[2.5709999999999127],,,,,,,,,,,,,,,,,,,,,,,,,,,,,,,,,,,,,,,,,,,,,,,,,,,,,,,,,,
,,,,,,,s114,A,2024-02-19_20h04.52.495,Unsyncopated_study2,2022.2.5,MacIntel,120.4819277,,,,,,,,,,,,,,,,,,,,,,,,,,,,,,,,,,,,,,,,,,,,,,,,,,,,,,,,,,,,,,,,,,,,,,,,,,,,,,,,,,,,,,,,,,,,,,,,,,,,,,,,,,,,,,,,,,,,,,,,,,,,,,,,,,,,,,,,,,,,,,,,,,,,,,,,,,,,,,,,,0,30,30,10,1,du,go,0:4,red,,,,,,,,,,,,,,,,,,,,,,,,,,,,,,,,,,,,,,,,,,,,,,,,,
,,,,,,,s114,A,2024-02-19_20h04.52.495,Unsyncopated_study2,2022.2.5,MacIntel,120.4819277,,,,,,,,,,,,,,,,,,,,,,,,,,,,,,,,,,,,,,,,,,,,,,,,,,,,,,,,,,,,,,,,,,,,,,,,,,,,,,,,,,,,,,,,,,,,,,,,,,,,,,,,,,,,,,,,,,,,,,,,,,,,,,,,,,,,,,,,,,,,"[""space""]",0,0,0,2,1,Online_conjL2_un//a.go.du14.0.888.wav,888,0,go,su,to,sil,du,te,ba,sil1,ñi,me,sil2,[1.6478000000006432],,,,,,,,,,,,,,,,,,,,,,,,,,,,,,,,,,,,,,,,,,,,,,,,,,,,,,,,,,
,,,,,,,s114,A,2024-02-19_20h04.52.495,Unsyncopated_study2,2022.2.5,MacIntel,120.4819277,,,,,,,,,,,,,,,,,,,,,,,,,,,,,,,,,,,,,,,,,,,,,,,,,,,,,,,,,,,,,,,,,,,,,,,,,,,,,,,,,,,,,,,,,,,,,,,,,,,,,,,,,,,,,,,,,,,,,,,,,,,,,,,,,,,,,,,,,,,,,0,1,1,0,1,Online_conjL2_un//a.go.du12.none.none.wav,none,none,bi,su,mi,sil,fe,ñi,te,sil1,ra,si,sil2,,,,,,,,,,,,,,,,,,,,,,,,,,,,,,,,,,,,,,,,,,,,,,,,,,,,,,,,,,,
,,,,,,,s114,A,2024-02-19_20h04.52.495,Unsyncopated_study2,2022.2.5,MacIntel,120.4819277,,,,,,,,,,,,,,,,,,,,,,,,,,,,,,,,,,,,,,,,,,,,,,,,,,,,,,,,,,,,,,,,,,,,,,,,,,,,,,,,,,,,,,,,,,,,,,,,,,,,,,,,,,,,,,,,,,,,,,,,,,,,,,,,,,,,,,,,,,,,,0,2,2,3,1,Online_conjL2_un//a.go.du15.none.none.wav,none,none,me,mi,ñu,sil,fe,si,ñi,sil1,ra,su,sil2,,,,,,,,,,,,,,,,,,,,,,,,,,,,,,,,,,,,,,,,,,,,,,,,,,,,,,,,,,,
,,,,,,,s114,A,2024-02-19_20h04.52.495,Unsyncopated_study2,2022.2.5,MacIntel,120.4819277,,,,,,,,,,,,,,,,,,,,,,,,,,,,,,,,,,,,,,,,,,,,,,,,,,,,,,,,,,,,,,,,,,,,,,,,,,,,,,,,,,,,,,,,,,,,,,,,,,,,,,,,,,,,,,,,,,,,,,,,,,,,,,,,,,,,,,,,,,,,"[""space""]",0,3,3,1,1,Online_conjL2_un//a.go.du13.888.1776.wav,1776,888,mi,bi,ba,sil,go,ñu,to,sil1,du,te,sil2,[2.49149999999986],,,,,,,,,,,,,,,,,,,,,,,,,,,,,,,,,,,,,,,,,,,,,,,,,,,,,,,,,,
,,,,,,,s114,A,2024-02-19_20h04.52.495,Unsyncopated_study2,2022.2.5,MacIntel,120.4819277,,,,,,,,,,,,,,,,,,,,,,,,,,,,,,,,,,,,,,,,,,,,,,,,,,,,,,,,,,,,,,,,,,,,,,,,,,,,,,,,,,,,,,,,,,,,,,,,,,,,,,,,,,,,,,,,,,,,,,,,,,,,,,,,,,,,,,,,,,,,,,,,,,,,,,,,,,,,,,,,,0,31,31,20,1,du,go,12:16,red,,,,,,,,,,,,,,,,,,,,,,,,,,,,,,,,,,,,,,,,,,,,,,,,,
,,,,,,,s114,A,2024-02-19_20h04.52.495,Unsyncopated_study2,2022.2.5,MacIntel,120.4819277,,,,,,,,,,,,,,,,,,,,,,,,,,,,,,,,,,,,,,,,,,,,,,,,,,,,,,,,,,,,,,,,,,,,,,,,,,,,,,,,,,,,,,,,,,,,,,,,,,,,,,,,,,,,,,,,,,,,,,,,,,,,,,,,,,,,,,,,,,,,,,,,,,,,,cha,to,mi,sil,te,fe,ñi,sil1,su,ra,sil2,,,,,,,,,,,space,12.4517,space,19.3937,z,1.768,7,5.0658,0,0,0,23,1,testConjL2Uns//time_viol.r2.s2.0.wav,,,,,,,,,,,,,,,,,,,,,,,,,,,,,,,,,,,
,,,,,,,s114,A,2024-02-19_20h04.52.495,Unsyncopated_study2,2022.2.5,MacIntel,120.4819277,,,,,,,,,,,,,,,,,,,,,,,,,,,,,,,,,,,,,,,,,,,,,,,,,,,,,,,,,,,,,,,,,,,,,,,,,,,,,,,,,,,,,,,,,,,,,,,,,,,,,,,,,,,,,,,,,,,,,,,,,,,,,,,,,,,,,,,,,,,,,,,,,,,,,go,cha,ñu,sil,du,to,mi,sil1,me,bi,sil2,,,,,,,,,,,,,,,m,1.4549,5,4.6359,0,1,1,10,1,testConjL2Uns//r1.s1.2.wav,,,,,,,,,,,,,,,,,,,,,,,,,,,,,,,,,,,
,,,,,,,s114,A,2024-02-19_20h04.52.495,Unsyncopated_study2,2022.2.5,MacIntel,120.4819277,,,,,,,,,,,,,,,,,,,,,,,,,,,,,,,,,,,,,,,,,,,,,,,,,,,,,,,,,,,,,,,,,,,,,,,,,,,,,,,,,,,,,,,,,,,,,,,,,,,,,,,,,,,,,,,,,,,,,,,,,,,,,,,,,,,,,,,,,,,,,,,,,,,,,ñu,si,bi,sil,fe,cha,ba,sil1,ra,ñi,sil2,,,,,,,,,,,,,,,z,0.1584,6,2.8032,0,2,2,19,1,testConjL2Uns//r2.s2.2.wav,,,,,,,,,,,,,,,,,,,,,,,,,,,,,,,,,,,
,,,,,,,s114,A,2024-02-19_20h04.52.495,Unsyncopated_study2,2022.2.5,MacIntel,120.4819277,,,,,,,,,,,,,,,,,,,,,,,,,,,,,,,,,,,,,,,,,,,,,,,,,,,,,,,,,,,,,,,,,,,,,,,,,,,,,,,,,,,,,,,,,,,,,,,,,,,,,,,,,,,,,,,,,,,,,,,,,,,,,,,,,,,,,,,,,,,,,,,,,,,,,bi,ñu,te,sil,go,mi,su,sil1,du,cha,sil2,,,,,,,,,,,,,,,m,1.5195,5,2.6138,0,3,3,12,1,testConjL2Uns//r1.s2.1.wav,,,,,,,,,,,,,,,,,,,,,,,,,,,,,,,,,,,
,,,,,,,s114,A,2024-02-19_20h04.52.495,Unsyncopated_study2,2022.2.5,MacIntel,120.4819277,,,,,,,,,,,,,,,,,,,,,,,,,,,,,,,,,,,,,,,,,,,,,,,,,,,,,,,,,,,,,,,,,,,,,,,,,,,,,,,,,,,,,,,,,,,,,,,,,,,,,,,,,,,,,,,,,,,,,,,,,,,,,,,,,,,,,,,,,,,,,,,,,,,,,si,ba,su,sil,go,me,bi,sil1,du,ñi,sil2,,,,,,,,,,,,,,,m,1.6492,3,3.0492,0,4,4,11,1,testConjL2Uns//r1.s2.0.wav,,,,,,,,,,,,,,,,,,,,,,,,,,,,,,,,,,,
,,,,,,,s114,A,2024-02-19_20h04.52.495,Unsyncopated_study2,2022.2.5,MacIntel,120.4819277,,,,,,,,,,,,,,,,,,,,,,,,,,,,,,,,,,,,,,,,,,,,,,,,,,,,,,,,,,,,,,,,,,,,,,,,,,,,,,,,,,,,,,,,,,,,,,,,,,,,,,,,,,,,,,,,,,,,,,,,,,,,,,,,,,,,,,,,,,,,,,,,,,,,,ñi,ba,cha,sil,du,te,ñu,sil1,go,mi,sil2,,,,,,,,,,,,,,,m,0.9531,5,1.8099,0,5,5,1,1,testConjL2Uns//cat_viol.r1.s2.0.wav,,,,,,,,,,,,,,,,,,,,,,,,,,,,,,,,,,,
,,,,,,,s114,A,2024-02-19_20h04.52.495,Unsyncopated_study2,2022.2.5,MacIntel,120.4819277,,,,,,,,,,,,,,,,,,,,,,,,,,,,,,,,,,,,,,,,,,,,,,,,,,,,,,,,,,,,,,,,,,,,,,,,,,,,,,,,,,,,,,,,,,,,,,,,,,,,,,,,,,,,,,,,,,,,,,,,,,,,,,,,,,,,,,,,,,,,,,,,,,,,,fe,ñu,mi,sil,bi,ba,me,sil1,ñi,to,sil2,,,,,,,,,,,,,,,z,2.6332,3,2.0606,0,6,6,6,1,testConjL2Uns//dep_viol.r2.s1.0.wav,,,,,,,,,,,,,,,,,,,,,,,,,,,,,,,,,,,
,,,,,,,s114,A,2024-02-19_20h04.52.495,Unsyncopated_study2,2022.2.5,MacIntel,120.4819277,,,,,,,,,,,,,,,,,,,,,,,,,,,,,,,,,,,,,,,,,,,,,,,,,,,,,,,,,,,,,,,,,,,,,,,,,,,,,,,,,,,,,,,,,,,,,,,,,,,,,,,,,,,,,,,,,,,,,,,,,,,,,,,,,,,,,,,,,,,,,,,,,,,,,si,ñi,ba,sil,te,go,mi,sil1,cha,du,sil2,,,,,,,,,,,,,,,m,1.3415,6,2.1437,0,7,7,21,1,testConjL2Uns//time_viol.r1.s2.0.wav,,,,,,,,,,,,,,,,,,,,,,,,,,,,,,,,,,,
,,,,,,,s114,A,2024-02-19_20h04.52.495,Unsyncopated_study2,2022.2.5,MacIntel,120.4819277,,,,,,,,,,,,,,,,,,,,,,,,,,,,,,,,,,,,,,,,,,,,,,,,,,,,,,,,,,,,,,,,,,,,,,,,,,,,,,,,,,,,,,,,,,,,,,,,,,,,,,,,,,,,,,,,,,,,,,,,,,,,,,,,,,,,,,,,,,,,,,,,,,,,,go,bi,ba,sil,su,ñu,mi,sil1,cha,si,sil2,,,,,,,,,,,,,,,z,1.1487,5,1.8005,0,8,8,4,1,testConjL2Uns//dep_viol.r1.s1.0.wav,,,,,,,,,,,,,,,,,,,,,,,,,,,,,,,,,,,
,,,,,,,s114,A,2024-02-19_20h04.52.495,Unsyncopated_study2,2022.2.5,MacIntel,120.4819277,,,,,,,,,,,,,,,,,,,,,,,,,,,,,,,,,,,,,,,,,,,,,,,,,,,,,,,,,,,,,,,,,,,,,,,,,,,,,,,,,,,,,,,,,,,,,,,,,,,,,,,,,,,,,,,,,,,,,,,,,,,,,,,,,,,,,,,,,,,,,,,,,,,,,fe,ba,ñi,sil,ra,cha,si,sil1,bi,mi,sil2,,,,,,,,,,,,,,,m,1.1974,3,1.234,0,9,9,16,1,testConjL2Uns//r2.s1.2.wav,,,,,,,,,,,,,,,,,,,,,,,,,,,,,,,,,,,
,,,,,,,s114,A,2024-02-19_20h04.52.495,Unsyncopated_study2,2022.2.5,MacIntel,120.4819277,,,,,,,,,,,,,,,,,,,,,,,,,,,,,,,,,,,,,,,,,,,,,,,,,,,,,,,,,,,,,,,,,,,,,,,,,,,,,,,,,,,,,,,,,,,,,,,,,,,,,,,,,,,,,,,,,,,,,,,,,,,,,,,,,,,,,,,,,,,,,,,,,,,,,ra,ñu,te,sil,fe,su,mi,sil1,me,cha,sil2,,,,,,,,,,,,,,,m,1.1755,5,1.6682,0,10,10,2,1,testConjL2Uns//cat_viol.r2.s1.0.wav,,,,,,,,,,,,,,,,,,,,,,,,,,,,,,,,,,,
,,,,,,,s114,A,2024-02-19_20h04.52.495,Unsyncopated_study2,2022.2.5,MacIntel,120.4819277,,,,,,,,,,,,,,,,,,,,,,,,,,,,,,,,,,,,,,,,,,,,,,,,,,,,,,,,,,,,,,,,,,,,,,,,,,,,,,,,,,,,,,,,,,,,,,,,,,,,,,,,,,,,,,,,,,,,,,,,,,,,,,,,,,,,,,,,,,,,,,,,,,,,,si,te,cha,sil,go,ñu,me,sil1,du,ñi,sil2,,,,,,,,,,,,,,,z,0.7184,5,1.5353,0,11,11,13,1,testConjL2Uns//r1.s2.2.wav,,,,,,,,,,,,,,,,,,,,,,,,,,,,,,,,,,,
,,,,,,,s114,A,2024-02-19_20h04.52.495,Unsyncopated_study2,2022.2.5,MacIntel,120.4819277,,,,,,,,,,,,,,,,,,,,,,,,,,,,,,,,,,,,,,,,,,,,,,,,,,,,,,,,,,,,,,,,,,,,,,,,,,,,,,,,,,,,,,,,,,,,,,,,,,,,,,,,,,,,,,,,,,,,,,,,,,,,,,,,,,,,,,,,,,,,,,,,,,,,,cha,si,su,sil,fe,ba,to,sil1,mi,bi,sil2,,,,,,,,,,,,,,,m,0.7795,3,1.1662,0,12,12,7,1,testConjL2Uns//dep_viol.r2.s2.0.wav,,,,,,,,,,,,,,,,,,,,,,,,,,,,,,,,,,,
,,,,,,,s114,A,2024-02-19_20h04.52.495,Unsyncopated_study2,2022.2.5,MacIntel,120.4819277,,,,,,,,,,,,,,,,,,,,,,,,,,,,,,,,,,,,,,,,,,,,,,,,,,,,,,,,,,,,,,,,,,,,,,,,,,,,,,,,,,,,,,,,,,,,,,,,,,,,,,,,,,,,,,,,,,,,,,,,,,,,,,,,,,,,,,,,,,,,,,,,,,,,,te,go,si,sil,ñu,du,cha,sil1,bi,su,sil2,,,,,,,,,,,,,,,z,1.2662,4,1.3276,0,13,13,20,1,testConjL2Uns//time_viol.r1.s1.0.wav,,,,,,,,,,,,,,,,,,,,,,,,,,,,,,,,,,,
,,,,,,,s114,A,2024-02-19_20h04.52.495,Unsyncopated_study2,2022.2.5,MacIntel,120.4819277,,,,,,,,,,,,,,,,,,,,,,,,,,,,,,,,,,,,,,,,,,,,,,,,,,,,,,,,,,,,,,,,,,,,,,,,,,,,,,,,,,,,,,,,,,,,,,,,,,,,,,,,,,,,,,,,,,,,,,,,,,,,,,,,,,,,,,,,,,,,,,,,,,,,,su,si,mi,sil,fe,to,me,sil1,ra,cha,sil2,,,,,,,,,,,,,,,z,0.4445,5,1.4838,0,14,14,18,1,testConjL2Uns//r2.s2.1.wav,,,,,,,,,,,,,,,,,,,,,,,,,,,,,,,,,,,
,,,,,,,s114,A,2024-02-19_20h04.52.495,Unsyncopated_study2,2022.2.5,MacIntel,120.4819277,,,,,,,,,,,,,,,,,,,,,,,,,,,,,,,,,,,,,,,,,,,,,,,,,,,,,,,,,,,,,,,,,,,,,,,,,,,,,,,,,,,,,,,,,,,,,,,,,,,,,,,,,,,,,,,,,,,,,,,,,,,,,,,,,,,,,,,,,,,,,,,,,,,,,si,fe,to,sil,ba,ra,cha,sil1,bi,mi,sil2,,,,,,,,,,,,,,,m,0.296,6,1.8748,0,15,15,22,1,testConjL2Uns//time_viol.r2.s1.0.wav,,,,,,,,,,,,,,,,,,,,,,,,,,,,,,,,,,,
,,,,,,,s114,A,2024-02-19_20h04.52.495,Unsyncopated_study2,2022.2.5,MacIntel,120.4819277,,,,,,,,,,,,,,,,,,,,,,,,,,,,,,,,,,,,,,,,,,,,,,,,,,,,,,,,,,,,,,,,,,,,,,,,,,,,,,,,,,,,,,,,,,,,,,,,,,,,,,,,,,,,,,,,,,,,,,,,,,,,,,,,,,,,,,,,,,,,,,,,,,,,,go,te,ñi,sil,du,bi,ñu,sil1,mi,to,sil2,,,,,,,,,,,,,,,m,0.3844,5,1.2222,0,16,16,9,1,testConjL2Uns//r1.s1.1.wav,,,,,,,,,,,,,,,,,,,,,,,,,,,,,,,,,,,
,,,,,,,s114,A,2024-02-19_20h04.52.495,Unsyncopated_study2,2022.2.5,MacIntel,120.4819277,,,,,,,,,,,,,,,,,,,,,,,,,,,,,,,,,,,,,,,,,,,,,,,,,,,,,,,,,,,,,,,,,,,,,,,,,,,,,,,,,,,,,,,,,,,,,,,,,,,,,,,,,,,,,,,,,,,,,,,,,,,,,,,,,,,,,,,,,,,,,,,,,,,,,du,ñi,su,sil,go,cha,ba,sil1,bi,ñu,sil2,,,,,,,,,,,,,,,m,1.1183,5,1.1617,0,17,17,0,1,testConjL2Uns//cat_viol.r1.s1.0.wav,,,,,,,,,,,,,,,,,,,,,,,,,,,,,,,,,,,
,,,,,,,s114,A,2024-02-19_20h04.52.495,Unsyncopated_study2,2022.2.5,MacIntel,120.4819277,,,,,,,,,,,,,,,,,,,,,,,,,,,,,,,,,,,,,,,,,,,,,,,,,,,,,,,,,,,,,,,,,,,,,,,,,,,,,,,,,,,,,,,,,,,,,,,,,,,,,,,,,,,,,,,,,,,,,,,,,,,,,,,,,,,,,,,,,,,,,,,,,,,,,te,mi,cha,sil,fe,to,me,sil1,ra,ba,sil2,,,,,,,,,,,,,,,z,2.0087,5,1.1104,0,18,18,17,1,testConjL2Uns//r2.s2.0.wav,,,,,,,,,,,,,,,,,,,,,,,,,,,,,,,,,,,
,,,,,,,s114,A,2024-02-19_20h04.52.495,Unsyncopated_study2,2022.2.5,MacIntel,120.4819277,,,,,,,,,,,,,,,,,,,,,,,,,,,,,,,,,,,,,,,,,,,,,,,,,,,,,,,,,,,,,,,,,,,,,,,,,,,,,,,,,,,,,,,,,,,,,,,,,,,,,,,,,,,,,,,,,,,,,,,,,,,,,,,,,,,,,,,,,,,,,,,,,,,,,te,si,ñi,sil,go,su,ba,sil1,to,cha,sil2,,,,,,,,,,,,,,,m,0.7947,6,1.6,0,19,19,5,1,testConjL2Uns//dep_viol.r1.s2.0.wav,,,,,,,,,,,,,,,,,,,,,,,,,,,,,,,,,,,
,,,,,,,s114,A,2024-02-19_20h04.52.495,Unsyncopated_study2,2022.2.5,MacIntel,120.4819277,,,,,,,,,,,,,,,,,,,,,,,,,,,,,,,,,,,,,,,,,,,,,,,,,,,,,,,,,,,,,,,,,,,,,,,,,,,,,,,,,,,,,,,,,,,,,,,,,,,,,,,,,,,,,,,,,,,,,,,,,,,,,,,,,,,,,,,,,,,,,,,,,,,,,go,si,cha,sil,du,bi,to,sil1,su,ñi,sil2,,,,,,,,,,,,,,,m,0.369,5,0.7093,0,20,20,8,1,testConjL2Uns//r1.s1.0.wav,,,,,,,,,,,,,,,,,,,,,,,,,,,,,,,,,,,
,,,,,,,s114,A,2024-02-19_20h04.52.495,Unsyncopated_study2,2022.2.5,MacIntel,120.4819277,,,,,,,,,,,,,,,,,,,,,,,,,,,,,,,,,,,,,,,,,,,,,,,,,,,,,,,,,,,,,,,,,,,,,,,,,,,,,,,,,,,,,,,,,,,,,,,,,,,,,,,,,,,,,,,,,,,,,,,,,,,,,,,,,,,,,,,,,,,,,,,,,,,,,mi,cha,te,sil,ra,su,to,sil1,fe,ñi,sil2,,,,,,,,,,,,,,,z,1.539,4,1.3074,0,21,21,3,1,testConjL2Uns//cat_viol.r2.s2.0.wav,,,,,,,,,,,,,,,,,,,,,,,,,,,,,,,,,,,
,,,,,,,s114,A,2024-02-19_20h04.52.495,Unsyncopated_study2,2022.2.5,MacIntel,120.4819277,,,,,,,,,,,,,,,,,,,,,,,,,,,,,,,,,,,,,,,,,,,,,,,,,,,,,,,,,,,,,,,,,,,,,,,,,,,,,,,,,,,,,,,,,,,,,,,,,,,,,,,,,,,,,,,,,,,,,,,,,,,,,,,,,,,,,,,,,,,,,,,,,,,,,fe,si,ba,sil,ra,mi,bi,sil1,te,cha,sil2,,,,,,,,,,,,,,,z,0.368,6,1.5186,0,22,22,15,1,testConjL2Uns//r2.s1.1.wav,,,,,,,,,,,,,,,,,,,,,,,,,,,,,,,,,,,
,,,,,,,s114,A,2024-02-19_20h04.52.495,Unsyncopated_study2,2022.2.5,MacIntel,120.4819277,,,,,,,,,,,,,,,,,,,,,,,,,,,,,,,,,,,,,,,,,,,,,,,,,,,,,,,,,,,,,,,,,,,,,,,,,,,,,,,,,,,,,,,,,,,,,,,,,,,,,,,,,,,,,,,,,,,,,,,,,,,,,,,,,,,,,,,,,,,,,,,,,,,,,fe,bi,te,sil,ra,ñu,ñi,sil1,si,cha,sil2,,,,,,,,,,,,,,,z,0.4036,6,0.6119,0,23,23,14,1,testConjL2Uns//r2.s1.0.wav,,,,,,,,,,,,,,,,,,,,,,,,,,,,,,,,,,,
,,,,,,,s114,A,2024-02-19_20h04.52.495,Unsyncopated_study2,2022.2.5,MacIntel,120.4819277,,,,,,,,,,,,,,,,,,,,,,,,,,,,,,,,,,,,,,,,,,,,,,,,,,,,,,,,,,,,,,,,,,,,,,,,,,,,,,,,,,,,,,,,,,,,,,,,,,,,,,,,,,,,,,,,,,,,,,,,,,,,,,,,,,,,,,,,,,,,,,,,,,,,,,,,,,,,,,,,,,,,,,,,,,,,,,,,,,,,,,,,space,2.4235,0,0,0,0,1,ConjL2_un.csv,dir_Online_conjL2_un.csv,Test_Conj_UnL2.csv,ConjL2_un.wav,,,,,,,,,,,,,,,,,,,,,,,,
,,,,,,,s114,A,2024-02-19_20h04.52.495,Unsyncopated_study2,2022.2.5,MacIntel,120.4819277,,,,,,,,,,,,,,,,,,,,,,,,,,,,,,,,,,,,,,,,,,,,,,,,,,,,,,,,,,,,,,,,,,,,,,,,,,,,,,,,,,,,,,,,,,,,,,,,,,,,,,,,,,,,,,,,,,,,,,,,,,,,,,,,,,,,,,,,space,7.6728,space,18.0205,,0,0,0,0,1,Online_conjL1_syn//b.ta.be4.none.none.wav,none,none,pu,la,fo,ki,sil,cho,ze,lu,sil1,ri,sil2,,,,,,,,,,,,,,,,,,,,,,,,,,,,,,,,,,,,,,,,,,,,,,,,,,,,,,,,,,,
,,,,,,,s114,A,2024-02-19_20h04.52.495,Unsyncopated_study2,2022.2.5,MacIntel,120.4819277,,,,,,,,,,,,,,,,,,,,,,,,,,,,,,,,,,,,,,,,,,,,,,,,,,,,,,,,,,,,,,,,,,,,,,,,,,,,,,,,,,,,,,,,,,,,,,,,,,,,,,,,,,,,,,,,,,,,,,,,,,,,,,,,,,,,,,,,,,,,,0,1,1,1,1,Online_conjL1_syn//b.ta.be5.none.none.wav,none,none,la,ro,cho,pu,sil,fa,ne,ki,sil1,ze,sil2,,,,,,,,,,,,,,,,,,,,,,,,,,,,,,,,,,,,,,,,,,,,,,,,,,,,,,,,,,,
,,,,,,,s114,A,2024-02-19_20h04.52.495,Unsyncopated_study2,2022.2.5,MacIntel,120.4819277,,,,,,,,,,,,,,,,,,,,,,,,,,,,,,,,,,,,,,,,,,,,,,,,,,,,,,,,,,,,,,,,,,,,,,,,,,,,,,,,,,,,,,,,,,,,,,,,,,,,,,,,,,,,,,,,,,,,,,,,,,,,,,,,,,,,,,,,,,,,,0,2,2,3,1,Online_conjL1_syn//b.ta.be7.none.none.wav,none,none,fa,ne,lu,pu,sil,zu,fo,ki,sil1,cho,sil2,,,,,,,,,,,,,,,,,,,,,,,,,,,,,,,,,,,,,,,,,,,,,,,,,,,,,,,,,,,
,,,,,,,s114,A,2024-02-19_20h04.52.495,Unsyncopated_study2,2022.2.5,MacIntel,120.4819277,,,,,,,,,,,,,,,,,,,,,,,,,,,,,,,,,,,,,,,,,,,,,,,,,,,,,,,,,,,,,,,,,,,,,,,,,,,,,,,,,,,,,,,,,,,,,,,,,,,,,,,,,,,,,,,,,,,,,,,,,,,,,,,,,,,,,,,,,,,,,0,3,3,2,1,Online_conjL1_syn//b.ta.be6.none.none.wav,none,none,pu,cho,fo,ki,sil,ni,ro,ri,sil1,lu,sil2,,,,,,,,,,,,,,,,,,,,,,,,,,,,,,,,,,,,,,,,,,,,,,,,,,,,,,,,,,,
,,,,,,,s114,A,2024-02-19_20h04.52.495,Unsyncopated_study2,2022.2.5,MacIntel,120.4819277,,,,,,,,,,,,,,,,,,,,,,,,,,,,,,,,,,,,,,,,,,,,,,,,,,,,,,,,,,,,,,,,,,,,,,,,,,,,,,,,,,,,,,,,,,,,,,,,,,,,,,,,,,,,,,,,,,,,,,,,,,,,,,,,,,,,,,,,,,,,,,,,,,,,,,,,,,,,,,,,,0,0,0,28,1,ta,be,36:40,green,,,,,,,,,,,,,,,,,,,,,,,,,,,,,,,,,,,,,,,,,,,,,,,,,
,,,,,,,s114,A,2024-02-19_20h04.52.495,Unsyncopated_study2,2022.2.5,MacIntel,120.4819277,,,,,,,,,,,,,,,,,,,,,,,,,,,,,,,,,,,,,,,,,,,,,,,,,,,,,,,,,,,,,,,,,,,,,,,,,,,,,,,,,,,,,,,,,,,,,,,,,,,,,,,,,,,,,,,,,,,,,,,,,,,,,,,,,,,,,,,,,,,,,0,0,0,3,1,Online_conjL1_syn//d.ne.ni3.none.none.wav,none,none,pu,fo,la,ki,sil,ro,lu,ri,sil1,cho,sil2,,,,,,,,,,,,,,,,,,,,,,,,,,,,,,,,,,,,,,,,,,,,,,,,,,,,,,,,,,,
,,,,,,,s114,A,2024-02-19_20h04.52.495,Unsyncopated_study2,2022.2.5,MacIntel,120.4819277,,,,,,,,,,,,,,,,,,,,,,,,,,,,,,,,,,,,,,,,,,,,,,,,,,,,,,,,,,,,,,,,,,,,,,,,,,,,,,,,,,,,,,,,,,,,,,,,,,,,,,,,,,,,,,,,,,,,,,,,,,,,,,,,,,,,,,,,,,,,,0,1,1,0,1,Online_conjL1_syn//d.ne.ni0.none.none.wav,none,none,lu,ze,zu,pu,sil,ro,ri,ki,sil1,la,sil2,,,,,,,,,,,,,,,,,,,,,,,,,,,,,,,,,,,,,,,,,,,,,,,,,,,,,,,,,,,
,,,,,,,s114,A,2024-02-19_20h04.52.495,Unsyncopated_study2,2022.2.5,MacIntel,120.4819277,,,,,,,,,,,,,,,,,,,,,,,,,,,,,,,,,,,,,,,,,,,,,,,,,,,,,,,,,,,,,,,,,,,,,,,,,,,,,,,,,,,,,,,,,,,,,,,,,,,,,,,,,,,,,,,,,,,,,,,,,,,,,,,,,,,,,,,,,,,,"[""space""]",0,2,2,2,1,Online_conjL1_syn//d.ne.ni2.222.1332.wav,222,1332,ta,ne,lu,be,sil,ri,ni,cho,sil1,ze,sil2,[1.1459999999999582],,,,,,,,,,,,,,,,,,,,,,,,,,,,,,,,,,,,,,,,,,,,,,,,,,,,,,,,,,
,,,,,,,s114,A,2024-02-19_20h04.52.495,Unsyncopated_study2,2022.2.5,MacIntel,120.4819277,,,,,,,,,,,,,,,,,,,,,,,,,,,,,,,,,,,,,,,,,,,,,,,,,,,,,,,,,,,,,,,,,,,,,,,,,,,,,,,,,,,,,,,,,,,,,,,,,,,,,,,,,,,,,,,,,,,,,,,,,,,,,,,,,,,,,,,,,,,,"[""space""]",0,3,3,1,1,Online_conjL1_syn//d.ne.ni1.222.1110.wav,222,1110,pu,ne,ri,ki,sil,ni,la,ze,sil1,lu,sil2,[1.3944000000024062],,,,,,,,,,,,,,,,,,,,,,,,,,,,,,,,,,,,,,,,,,,,,,,,,,,,,,,,,,
,,,,,,,s114,A,2024-02-19_20h04.52.495,Unsyncopated_study2,2022.2.5,MacIntel,120.4819277,,,,,,,,,,,,,,,,,,,,,,,,,,,,,,,,,,,,,,,,,,,,,,,,,,,,,,,,,,,,,,,,,,,,,,,,,,,,,,,,,,,,,,,,,,,,,,,,,,,,,,,,,,,,,,,,,,,,,,,,,,,,,,,,,,,,,,,,,,,,,,,,,,,,,,,,,,,,,,,,,0,1,1,14,1,ne,ni,96:100,red,,,,,,,,,,,,,,,,,,,,,,,,,,,,,,,,,,,,,,,,,,,,,,,,,
,,,,,,,s114,A,2024-02-19_20h04.52.495,Unsyncopated_study2,2022.2.5,MacIntel,120.4819277,,,,,,,,,,,,,,,,,,,,,,,,,,,,,,,,,,,,,,,,,,,,,,,,,,,,,,,,,,,,,,,,,,,,,,,,,,,,,,,,,,,,,,,,,,,,,,,,,,,,,,,,,,,,,,,,,,,,,,,,,,,,,,,,,,,,,,,,,,,,,0,0,0,2,1,Online_conjL1_syn//a.pu.ki14.none.none.wav,none,none,ta,ri,ze,be,sil,lu,fa,cho,sil1,fo,sil2,,,,,,,,,,,,,,,,,,,,,,,,,,,,,,,,,,,,,,,,,,,,,,,,,,,,,,,,,,,
,,,,,,,s114,A,2024-02-19_20h04.52.495,Unsyncopated_study2,2022.2.5,MacIntel,120.4819277,,,,,,,,,,,,,,,,,,,,,,,,,,,,,,,,,,,,,,,,,,,,,,,,,,,,,,,,,,,,,,,,,,,,,,,,,,,,,,,,,,,,,,,,,,,,,,,,,,,,,,,,,,,,,,,,,,,,,,,,,,,,,,,,,,,,,,,,,,,,,0,1,1,3,1,Online_conjL1_syn//a.pu.ki15.none.none.wav,none,none,ta,fo,ne,be,sil,la,ze,fa,sil1,cho,sil2,,,,,,,,,,,,,,,,,,,,,,,,,,,,,,,,,,,,,,,,,,,,,,,,,,,,,,,,,,,
,,,,,,,s114,A,2024-02-19_20h04.52.495,Unsyncopated_study2,2022.2.5,MacIntel,120.4819277,,,,,,,,,,,,,,,,,,,,,,,,,,,,,,,,,,,,,,,,,,,,,,,,,,,,,,,,,,,,,,,,,,,,,,,,,,,,,,,,,,,,,,,,,,,,,,,,,,,,,,,,,,,,,,,,,,,,,,,,,,,,,,,,,,,,,,,,,,,,"[""space""]",0,2,2,0,1,Online_conjL1_syn//a.pu.ki12.0.666.wav,666,0,pu,zu,ni,ki,sil,ne,ro,fo,sil1,cho,sil2,[1.2191999999993186],,,,,,,,,,,,,,,,,,,,,,,,,,,,,,,,,,,,,,,,,,,,,,,,,,,,,,,,,,
,,,,,,,s114,A,2024-02-19_20h04.52.495,Unsyncopated_study2,2022.2.5,MacIntel,120.4819277,,,,,,,,,,,,,,,,,,,,,,,,,,,,,,,,,,,,,,,,,,,,,,,,,,,,,,,,,,,,,,,,,,,,,,,,,,,,,,,,,,,,,,,,,,,,,,,,,,,,,,,,,,,,,,,,,,,,,,,,,,,,,,,,,,,,,,,,,,,,,0,3,3,1,1,Online_conjL1_syn//a.pu.ki13.666.1554.wav,1554,666,fa,ro,ne,pu,sil,fo,lu,ki,sil1,ni,sil2,,,,,,,,,,,,,,,,,,,,,,,,,,,,,,,,,,,,,,,,,,,,,,,,,,,,,,,,,,,
,,,,,,,s114,A,2024-02-19_20h04.52.495,Unsyncopated_study2,2022.2.5,MacIntel,120.4819277,,,,,,,,,,,,,,,,,,,,,,,,,,,,,,,,,,,,,,,,,,,,,,,,,,,,,,,,,,,,,,,,,,,,,,,,,,,,,,,,,,,,,,,,,,,,,,,,,,,,,,,,,,,,,,,,,,,,,,,,,,,,,,,,,,,,,,,,,,,,,,,,,,,,,,,,,,,,,,,,,0,2,2,3,1,ki,pu,12:16,blue,,,,,,,,,,,,,,,,,,,,,,,,,,,,,,,,,,,,,,,,,,,,,,,,,
,,,,,,,s114,A,2024-02-19_20h04.52.495,Unsyncopated_study2,2022.2.5,MacIntel,120.4819277,,,,,,,,,,,,,,,,,,,,,,,,,,,,,,,,,,,,,,,,,,,,,,,,,,,,,,,,,,,,,,,,,,,,,,,,,,,,,,,,,,,,,,,,,,,,,,,,,,,,,,,,,,,,,,,,,,,,,,,,,,,,,,,,,,,,,,,,,,,,"[""space""]",0,0,0,3,1,Online_conjL1_syn//d.ne.ni7.444.1110.wav,444,1110,pu,lu,ne,ki,sil,ni,ri,ze,sil1,zu,sil2,[0.13679999999703796],,,,,,,,,,,,,,,,,,,,,,,,,,,,,,,,,,,,,,,,,,,,,,,,,,,,,,,,,,
,,,,,,,s114,A,2024-02-19_20h04.52.495,Unsyncopated_study2,2022.2.5,MacIntel,120.4819277,,,,,,,,,,,,,,,,,,,,,,,,,,,,,,,,,,,,,,,,,,,,,,,,,,,,,,,,,,,,,,,,,,,,,,,,,,,,,,,,,,,,,,,,,,,,,,,,,,,,,,,,,,,,,,,,,,,,,,,,,,,,,,,,,,,,,,,,,,,,,0,1,1,1,1,Online_conjL1_syn//d.ne.ni5.none.none.wav,none,none,zu,ri,ze,pu,sil,cho,fa,ki,sil1,la,sil2,,,,,,,,,,,,,,,,,,,,,,,,,,,,,,,,,,,,,,,,,,,,,,,,,,,,,,,,,,,
,,,,,,,s114,A,2024-02-19_20h04.52.495,Unsyncopated_study2,2022.2.5,MacIntel,120.4819277,,,,,,,,,,,,,,,,,,,,,,,,,,,,,,,,,,,,,,,,,,,,,,,,,,,,,,,,,,,,,,,,,,,,,,,,,,,,,,,,,,,,,,,,,,,,,,,,,,,,,,,,,,,,,,,,,,,,,,,,,,,,,,,,,,,,,,,,,,,,"[""space""]",0,2,2,2,1,Online_conjL1_syn//d.ne.ni6.444.1110.wav,444,1110,ta,zu,ne,be,sil,ni,ze,la,sil1,fa,sil2,[1.3601999999991676],,,,,,,,,,,,,,,,,,,,,,,,,,,,,,,,,,,,,,,,,,,,,,,,,,,,,,,,,,
,,,,,,,s114,A,2024-02-19_20h04.52.495,Unsyncopated_study2,2022.2.5,MacIntel,120.4819277,,,,,,,,,,,,,,,,,,,,,,,,,,,,,,,,,,,,,,,,,,,,,,,,,,,,,,,,,,,,,,,,,,,,,,,,,,,,,,,,,,,,,,,,,,,,,,,,,,,,,,,,,,,,,,,,,,,,,,,,,,,,,,,,,,,,,,,,,,,,,0,3,3,0,1,Online_conjL1_syn//d.ne.ni4.222.1332.wav,222,1332,pu,ne,cho,ki,sil,ri,ni,ro,sil1,zu,sil2,,,,,,,,,,,,,,,,,,,,,,,,,,,,,,,,,,,,,,,,,,,,,,,,,,,,,,,,,,,
,,,,,,,s114,A,2024-02-19_20h04.52.495,Unsyncopated_study2,2022.2.5,MacIntel,120.4819277,,,,,,,,,,,,,,,,,,,,,,,,,,,,,,,,,,,,,,,,,,,,,,,,,,,,,,,,,,,,,,,,,,,,,,,,,,,,,,,,,,,,,,,,,,,,,,,,,,,,,,,,,,,,,,,,,,,,,,,,,,,,,,,,,,,,,,,,,,,,,,,,,,,,,,,,,,,,,,,,,0,3,3,24,1,ne,ni,100:104,red,,,,,,,,,,,,,,,,,,,,,,,,,,,,,,,,,,,,,,,,,,,,,,,,,
,,,,,,,s114,A,2024-02-19_20h04.52.495,Unsyncopated_study2,2022.2.5,MacIntel,120.4819277,,,,,,,,,,,,,,,,,,,,,,,,,,,,,,,,,,,,,,,,,,,,,,,,,,,,,,,,,,,,,,,,,,,,,,,,,,,,,,,,,,,,,,,,,,,,,,,,,,,,,,,,,,,,,,,,,,,,,,,,,,,,,,,,,,,,,,,,,,,,"[""space""]",0,0,0,1,1,Online_conjL1_syn//b.ta.be25.0.666.wav,0,666,ta,ri,ze,be,sil,ni,cho,lu,sil1,ne,sil2,[0.8081999999992604],,,,,,,,,,,,,,,,,,,,,,,,,,,,,,,,,,,,,,,,,,,,,,,,,,,,,,,,,,
,,,,,,,s114,A,2024-02-19_20h04.52.495,Unsyncopated_study2,2022.2.5,MacIntel,120.4819277,,,,,,,,,,,,,,,,,,,,,,,,,,,,,,,,,,,,,,,,,,,,,,,,,,,,,,,,,,,,,,,,,,,,,,,,,,,,,,,,,,,,,,,,,,,,,,,,,,,,,,,,,,,,,,,,,,,,,,,,,,,,,,,,,,,,,,,,,,,,"[""space""]",0,1,1,2,1,Online_conjL1_syn//b.ta.be26.666.1554.wav,666,1554,cho,lu,la,ta,sil,fo,ro,be,sil1,zu,sil2,[1.3956999999993513],,,,,,,,,,,,,,,,,,,,,,,,,,,,,,,,,,,,,,,,,,,,,,,,,,,,,,,,,,
,,,,,,,s114,A,2024-02-19_20h04.52.495,Unsyncopated_study2,2022.2.5,MacIntel,120.4819277,,,,,,,,,,,,,,,,,,,,,,,,,,,,,,,,,,,,,,,,,,,,,,,,,,,,,,,,,,,,,,,,,,,,,,,,,,,,,,,,,,,,,,,,,,,,,,,,,,,,,,,,,,,,,,,,,,,,,,,,,,,,,,,,,,,,,,,,,,,,,0,2,2,3,1,Online_conjL1_syn//b.ta.be27.none.none.wav,none,none,pu,ze,lu,ki,sil,ro,fo,ni,sil1,ri,sil2,,,,,,,,,,,,,,,,,,,,,,,,,,,,,,,,,,,,,,,,,,,,,,,,,,,,,,,,,,,
,,,,,,,s114,A,2024-02-19_20h04.52.495,Unsyncopated_study2,2022.2.5,MacIntel,120.4819277,,,,,,,,,,,,,,,,,,,,,,,,,,,,,,,,,,,,,,,,,,,,,,,,,,,,,,,,,,,,,,,,,,,,,,,,,,,,,,,,,,,,,,,,,,,,,,,,,,,,,,,,,,,,,,,,,,,,,,,,,,,,,,,,,,,,,,,,,,,,"[""space""]",0,3,3,0,1,Online_conjL1_syn//b.ta.be24.666.1554.wav,666,1554,fo,ni,ro,ta,sil,ri,cho,be,sil1,ne,sil2,[1.3330000000000837],,,,,,,,,,,,,,,,,,,,,,,,,,,,,,,,,,,,,,,,,,,,,,,,,,,,,,,,,,
,,,,,,,s114,A,2024-02-19_20h04.52.495,Unsyncopated_study2,2022.2.5,MacIntel,120.4819277,,,,,,,,,,,,,,,,,,,,,,,,,,,,,,,,,,,,,,,,,,,,,,,,,,,,,,,,,,,,,,,,,,,,,,,,,,,,,,,,,,,,,,,,,,,,,,,,,,,,,,,,,,,,,,,,,,,,,,,,,,,,,,,,,,,,,,,,,,,,,,,,,,,,,,,,,,,,,,,,,0,4,4,18,1,ta,be,56:60,green,,,,,,,,,,,,,,,,,,,,,,,,,,,,,,,,,,,,,,,,,,,,,,,,,
,,,,,,,s114,A,2024-02-19_20h04.52.495,Unsyncopated_study2,2022.2.5,MacIntel,120.4819277,,,,,,,,,,,,,,,,,,,,,,,,,,,,,,,,,,,,,,,,,,,,,,,,,,,,,,,,,,,,,,,,,,,,,,,,,,,,,,,,,,,,,,,,,,,,,,,,,,,,,,,,,,,,,,,,,,,,,,,,,,,,,,,,,,,,,,,,,,,,,0,0,0,1,1,Online_conjL1_syn//c.ro.fo25.none.none.wav,none,none,lu,ri,fa,ta,sil,zu,cho,be,sil1,ze,sil2,,,,,,,,,,,,,,,,,,,,,,,,,,,,,,,,,,,,,,,,,,,,,,,,,,,,,,,,,,,
,,,,,,,s114,A,2024-02-19_20h04.52.495,Unsyncopated_study2,2022.2.5,MacIntel,120.4819277,,,,,,,,,,,,,,,,,,,,,,,,,,,,,,,,,,,,,,,,,,,,,,,,,,,,,,,,,,,,,,,,,,,,,,,,,,,,,,,,,,,,,,,,,,,,,,,,,,,,,,,,,,,,,,,,,,,,,,,,,,,,,,,,,,,,,,,,,,,,,0,1,1,2,1,Online_conjL1_syn//c.ro.fo26.444.0.wav,444,0,fo,ne,ro,pu,sil,ze,ni,ki,sil1,fa,sil2,,,,,,,,,,,,,,,,,,,,,,,,,,,,,,,,,,,,,,,,,,,,,,,,,,,,,,,,,,,
,,,,,,,s114,A,2024-02-19_20h04.52.495,Unsyncopated_study2,2022.2.5,MacIntel,120.4819277,,,,,,,,,,,,,,,,,,,,,,,,,,,,,,,,,,,,,,,,,,,,,,,,,,,,,,,,,,,,,,,,,,,,,,,,,,,,,,,,,,,,,,,,,,,,,,,,,,,,,,,,,,,,,,,,,,,,,,,,,,,,,,,,,,,,,,,,,,,,"[""space"",""space""]",0,2,2,3,1,Online_conjL1_syn//c.ro.fo27.444.1110.wav,444,1110,la,fa,ro,ta,sil,fo,lu,be,sil1,ze,sil2,"[1.1688999999983025,2.285100000001421]",,,,,,,,,,,,,,,,,,,,,,,,,,,,,,,,,,,,,,,,,,,,,,,,,,,,,,,,,,
,,,,,,,s114,A,2024-02-19_20h04.52.495,Unsyncopated_study2,2022.2.5,MacIntel,120.4819277,,,,,,,,,,,,,,,,,,,,,,,,,,,,,,,,,,,,,,,,,,,,,,,,,,,,,,,,,,,,,,,,,,,,,,,,,,,,,,,,,,,,,,,,,,,,,,,,,,,,,,,,,,,,,,,,,,,,,,,,,,,,,,,,,,,,,,,,,,,,"[""space""]",0,3,3,0,1,Online_conjL1_syn//c.ro.fo24.1332.222.wav,1332,222,pu,fo,ni,ki,sil,la,ro,ze,sil1,zu,sil2,[2.045199999999113],,,,,,,,,,,,,,,,,,,,,,,,,,,,,,,,,,,,,,,,,,,,,,,,,,,,,,,,,,
,,,,,,,s114,A,2024-02-19_20h04.52.495,Unsyncopated_study2,2022.2.5,MacIntel,120.4819277,,,,,,,,,,,,,,,,,,,,,,,,,,,,,,,,,,,,,,,,,,,,,,,,,,,,,,,,,,,,,,,,,,,,,,,,,,,,,,,,,,,,,,,,,,,,,,,,,,,,,,,,,,,,,,,,,,,,,,,,,,,,,,,,,,,,,,,,,,,,,,,,,,,,,,,,,,,,,,,,,0,5,5,25,1,ro,fo,88:92,orange,,,,,,,,,,,,,,,,,,,,,,,,,,,,,,,,,,,,,,,,,,,,,,,,,
,,,,,,,s114,A,2024-02-19_20h04.52.495,Unsyncopated_study2,2022.2.5,MacIntel,120.4819277,,,,,,,,,,,,,,,,,,,,,,,,,,,,,,,,,,,,,,,,,,,,,,,,,,,,,,,,,,,,,,,,,,,,,,,,,,,,,,,,,,,,,,,,,,,,,,,,,,,,,,,,,,,,,,,,,,,,,,,,,,,,,,,,,,,,,,,,,,,,"[""space""]",0,0,0,1,1,Online_conjL1_syn//a.pu.ki1.666.1554.wav,1554,666,ni,fo,fa,pu,sil,zu,lu,ki,sil1,ne,sil2,[2.3031999999993786],,,,,,,,,,,,,,,,,,,,,,,,,,,,,,,,,,,,,,,,,,,,,,,,,,,,,,,,,,
,,,,,,,s114,A,2024-02-19_20h04.52.495,Unsyncopated_study2,2022.2.5,MacIntel,120.4819277,,,,,,,,,,,,,,,,,,,,,,,,,,,,,,,,,,,,,,,,,,,,,,,,,,,,,,,,,,,,,,,,,,,,,,,,,,,,,,,,,,,,,,,,,,,,,,,,,,,,,,,,,,,,,,,,,,,,,,,,,,,,,,,,,,,,,,,,,,,,"[""space""]",0,1,1,2,1,Online_conjL1_syn//a.pu.ki2.none.none.wav,none,none,ne,ro,ri,ta,sil,fa,ze,be,sil1,la,sil2,[1.691699999999173],,,,,,,,,,,,,,,,,,,,,,,,,,,,,,,,,,,,,,,,,,,,,,,,,,,,,,,,,,
,,,,,,,s114,A,2024-02-19_20h04.52.495,Unsyncopated_study2,2022.2.5,MacIntel,120.4819277,,,,,,,,,,,,,,,,,,,,,,,,,,,,,,,,,,,,,,,,,,,,,,,,,,,,,,,,,,,,,,,,,,,,,,,,,,,,,,,,,,,,,,,,,,,,,,,,,,,,,,,,,,,,,,,,,,,,,,,,,,,,,,,,,,,,,,,,,,,,,0,2,2,0,1,Online_conjL1_syn//a.pu.ki0.none.none.wav,none,none,ta,la,ni,be,sil,fa,lu,ro,sil1,fo,sil2,,,,,,,,,,,,,,,,,,,,,,,,,,,,,,,,,,,,,,,,,,,,,,,,,,,,,,,,,,,
,,,,,,,s114,A,2024-02-19_20h04.52.495,Unsyncopated_study2,2022.2.5,MacIntel,120.4819277,,,,,,,,,,,,,,,,,,,,,,,,,,,,,,,,,,,,,,,,,,,,,,,,,,,,,,,,,,,,,,,,,,,,,,,,,,,,,,,,,,,,,,,,,,,,,,,,,,,,,,,,,,,,,,,,,,,,,,,,,,,,,,,,,,,,,,,,,,,,"[""space""]",0,3,3,3,1,Online_conjL1_syn//a.pu.ki3.0.666.wav,666,0,pu,zu,la,ki,sil,fa,cho,ri,sil1,ro,sil2,[1.3794000000023061],,,,,,,,,,,,,,,,,,,,,,,,,,,,,,,,,,,,,,,,,,,,,,,,,,,,,,,,,,
,,,,,,,s114,A,2024-02-19_20h04.52.495,Unsyncopated_study2,2022.2.5,MacIntel,120.4819277,,,,,,,,,,,,,,,,,,,,,,,,,,,,,,,,,,,,,,,,,,,,,,,,,,,,,,,,,,,,,,,,,,,,,,,,,,,,,,,,,,,,,,,,,,,,,,,,,,,,,,,,,,,,,,,,,,,,,,,,,,,,,,,,,,,,,,,,,,,,,,,,,,,,,,,,,,,,,,,,,0,6,6,12,1,ki,pu,0:4,blue,,,,,,,,,,,,,,,,,,,,,,,,,,,,,,,,,,,,,,,,,,,,,,,,,
,,,,,,,s114,A,2024-02-19_20h04.52.495,Unsyncopated_study2,2022.2.5,MacIntel,120.4819277,,,,,,,,,,,,,,,,,,,,,,,,,,,,,,,,,,,,,,,,,,,,,,,,,,,,,,,,,,,,,,,,,,,,,,,,,,,,,,,,,,,,,,,,,,,,,,,,,,,,,,,,,,,,,,,,,,,,,,,,,,,,,,,,,,,,,,,,,,,,,0,0,0,2,1,Online_conjL1_syn//b.ta.be22.none.none.wav,none,none,zu,la,cho,pu,sil,ne,ri,ki,sil1,fa,sil2,,,,,,,,,,,,,,,,,,,,,,,,,,,,,,,,,,,,,,,,,,,,,,,,,,,,,,,,,,,
,,,,,,,s114,A,2024-02-19_20h04.52.495,Unsyncopated_study2,2022.2.5,MacIntel,120.4819277,,,,,,,,,,,,,,,,,,,,,,,,,,,,,,,,,,,,,,,,,,,,,,,,,,,,,,,,,,,,,,,,,,,,,,,,,,,,,,,,,,,,,,,,,,,,,,,,,,,,,,,,,,,,,,,,,,,,,,,,,,,,,,,,,,,,,,,,,,,,,0,1,1,0,1,Online_conjL1_syn//b.ta.be20.none.none.wav,none,none,pu,lu,ze,ki,sil,ro,la,zu,sil1,fo,sil2,,,,,,,,,,,,,,,,,,,,,,,,,,,,,,,,,,,,,,,,,,,,,,,,,,,,,,,,,,,
,,,,,,,s114,A,2024-02-19_20h04.52.495,Unsyncopated_study2,2022.2.5,MacIntel,120.4819277,,,,,,,,,,,,,,,,,,,,,,,,,,,,,,,,,,,,,,,,,,,,,,,,,,,,,,,,,,,,,,,,,,,,,,,,,,,,,,,,,,,,,,,,,,,,,,,,,,,,,,,,,,,,,,,,,,,,,,,,,,,,,,,,,,,,,,,,,,,,,0,2,2,1,1,Online_conjL1_syn//b.ta.be21.none.none.wav,none,none,ri,ro,fa,pu,sil,ni,cho,ki,sil1,ze,sil2,,,,,,,,,,,,,,,,,,,,,,,,,,,,,,,,,,,,,,,,,,,,,,,,,,,,,,,,,,,
,,,,,,,s114,A,2024-02-19_20h04.52.495,Unsyncopated_study2,2022.2.5,MacIntel,120.4819277,,,,,,,,,,,,,,,,,,,,,,,,,,,,,,,,,,,,,,,,,,,,,,,,,,,,,,,,,,,,,,,,,,,,,,,,,,,,,,,,,,,,,,,,,,,,,,,,,,,,,,,,,,,,,,,,,,,,,,,,,,,,,,,,,,,,,,,,,,,,,0,3,3,3,1,Online_conjL1_syn//b.ta.be23.none.none.wav,none,none,pu,cho,ze,ki,sil,ne,la,ri,sil1,fa,sil2,,,,,,,,,,,,,,,,,,,,,,,,,,,,,,,,,,,,,,,,,,,,,,,,,,,,,,,,,,,
,,,,,,,s114,A,2024-02-19_20h04.52.495,Unsyncopated_study2,2022.2.5,MacIntel,120.4819277,,,,,,,,,,,,,,,,,,,,,,,,,,,,,,,,,,,,,,,,,,,,,,,,,,,,,,,,,,,,,,,,,,,,,,,,,,,,,,,,,,,,,,,,,,,,,,,,,,,,,,,,,,,,,,,,,,,,,,,,,,,,,,,,,,,,,,,,,,,,,,,,,,,,,,,,,,,,,,,,,0,7,7,13,1,ta,be,52:56,green,,,,,,,,,,,,,,,,,,,,,,,,,,,,,,,,,,,,,,,,,,,,,,,,,
,,,,,,,s114,A,2024-02-19_20h04.52.495,Unsyncopated_study2,2022.2.5,MacIntel,120.4819277,,,,,,,,,,,,,,,,,,,,,,,,,,,,,,,,,,,,,,,,,,,,,,,,,,,,,,,,,,,,,,,,,,,,,,,,,,,,,,,,,,,,,,,,,,,,,,,,,,,,,,,,,,,,,,,,,,,,,,,,,,,,,,,,,,,,,,,,,,,,"[""space""]",0,0,0,0,1,Online_conjL1_syn//c.ro.fo16.1332.222.wav,1332,222,ta,fo,ni,be,sil,la,ro,lu,sil1,fa,sil2,[1.9775999999978922],,,,,,,,,,,,,,,,,,,,,,,,,,,,,,,,,,,,,,,,,,,,,,,,,,,,,,,,,,
,,,,,,,s114,A,2024-02-19_20h04.52.495,Unsyncopated_study2,2022.2.5,MacIntel,120.4819277,,,,,,,,,,,,,,,,,,,,,,,,,,,,,,,,,,,,,,,,,,,,,,,,,,,,,,,,,,,,,,,,,,,,,,,,,,,,,,,,,,,,,,,,,,,,,,,,,,,,,,,,,,,,,,,,,,,,,,,,,,,,,,,,,,,,,,,,,,,,,0,1,1,3,1,Online_conjL1_syn//c.ro.fo19.none.none.wav,none,none,la,ni,zu,pu,sil,ne,ri,ki,sil1,lu,sil2,,,,,,,,,,,,,,,,,,,,,,,,,,,,,,,,,,,,,,,,,,,,,,,,,,,,,,,,,,,
,,,,,,,s114,A,2024-02-19_20h04.52.495,Unsyncopated_study2,2022.2.5,MacIntel,120.4819277,,,,,,,,,,,,,,,,,,,,,,,,,,,,,,,,,,,,,,,,,,,,,,,,,,,,,,,,,,,,,,,,,,,,,,,,,,,,,,,,,,,,,,,,,,,,,,,,,,,,,,,,,,,,,,,,,,,,,,,,,,,,,,,,,,,,,,,,,,,,"[""space""]",0,2,2,1,1,Online_conjL1_syn//c.ro.fo17.444.0.wav,444,0,fo,fa,ro,pu,sil,lu,ze,ki,sil1,ni,sil2,[1.0888999999983753],,,,,,,,,,,,,,,,,,,,,,,,,,,,,,,,,,,,,,,,,,,,,,,,,,,,,,,,,,
,,,,,,,s114,A,2024-02-19_20h04.52.495,Unsyncopated_study2,2022.2.5,MacIntel,120.4819277,,,,,,,,,,,,,,,,,,,,,,,,,,,,,,,,,,,,,,,,,,,,,,,,,,,,,,,,,,,,,,,,,,,,,,,,,,,,,,,,,,,,,,,,,,,,,,,,,,,,,,,,,,,,,,,,,,,,,,,,,,,,,,,,,,,,,,,,,,,,"[""space""]",0,3,3,2,1,Online_conjL1_syn//c.ro.fo18.1110.222.wav,1110,222,pu,fo,zu,ki,sil,ro,cho,ze,sil1,ne,sil2,[1.6699000000021442],,,,,,,,,,,,,,,,,,,,,,,,,,,,,,,,,,,,,,,,,,,,,,,,,,,,,,,,,,
,,,,,,,s114,A,2024-02-19_20h04.52.495,Unsyncopated_study2,2022.2.5,MacIntel,120.4819277,,,,,,,,,,,,,,,,,,,,,,,,,,,,,,,,,,,,,,,,,,,,,,,,,,,,,,,,,,,,,,,,,,,,,,,,,,,,,,,,,,,,,,,,,,,,,,,,,,,,,,,,,,,,,,,,,,,,,,,,,,,,,,,,,,,,,,,,,,,,,,,,,,,,,,,,,,,,,,,,,0,8,8,21,1,ro,fo,80:84,orange,,,,,,,,,,,,,,,,,,,,,,,,,,,,,,,,,,,,,,,,,,,,,,,,,
,,,,,,,s114,A,2024-02-19_20h04.52.495,Unsyncopated_study2,2022.2.5,MacIntel,120.4819277,,,,,,,,,,,,,,,,,,,,,,,,,,,,,,,,,,,,,,,,,,,,,,,,,,,,,,,,,,,,,,,,,,,,,,,,,,,,,,,,,,,,,,,,,,,,,,,,,,,,,,,,,,,,,,,,,,,,,,,,,,,,,,,,,,,,,,,,,,,,,0,0,0,2,1,Online_conjL1_syn//d.ne.ni14.none.none.wav,none,none,ta,ri,cho,be,sil,ze,lu,zu,sil1,la,sil2,,,,,,,,,,,,,,,,,,,,,,,,,,,,,,,,,,,,,,,,,,,,,,,,,,,,,,,,,,,
,,,,,,,s114,A,2024-02-19_20h04.52.495,Unsyncopated_study2,2022.2.5,MacIntel,120.4819277,,,,,,,,,,,,,,,,,,,,,,,,,,,,,,,,,,,,,,,,,,,,,,,,,,,,,,,,,,,,,,,,,,,,,,,,,,,,,,,,,,,,,,,,,,,,,,,,,,,,,,,,,,,,,,,,,,,,,,,,,,,,,,,,,,,,,,,,,,,,"[""space""]",0,1,1,1,1,Online_conjL1_syn//d.ne.ni13.1110.222.wav,1110,222,ze,ni,lu,pu,sil,ne,ro,ki,sil1,zu,sil2,[2.0026999999993222],,,,,,,,,,,,,,,,,,,,,,,,,,,,,,,,,,,,,,,,,,,,,,,,,,,,,,,,,,
,,,,,,,s114,A,2024-02-19_20h04.52.495,Unsyncopated_study2,2022.2.5,MacIntel,120.4819277,,,,,,,,,,,,,,,,,,,,,,,,,,,,,,,,,,,,,,,,,,,,,,,,,,,,,,,,,,,,,,,,,,,,,,,,,,,,,,,,,,,,,,,,,,,,,,,,,,,,,,,,,,,,,,,,,,,,,,,,,,,,,,,,,,,,,,,,,,,,,0,2,2,0,1,Online_conjL1_syn//d.ne.ni12.none.none.wav,none,none,pu,fo,ri,ki,sil,ze,zu,ro,sil1,la,sil2,,,,,,,,,,,,,,,,,,,,,,,,,,,,,,,,,,,,,,,,,,,,,,,,,,,,,,,,,,,
,,,,,,,s114,A,2024-02-19_20h04.52.495,Unsyncopated_study2,2022.2.5,MacIntel,120.4819277,,,,,,,,,,,,,,,,,,,,,,,,,,,,,,,,,,,,,,,,,,,,,,,,,,,,,,,,,,,,,,,,,,,,,,,,,,,,,,,,,,,,,,,,,,,,,,,,,,,,,,,,,,,,,,,,,,,,,,,,,,,,,,,,,,,,,,,,,,,,,0,3,3,3,1,Online_conjL1_syn//d.ne.ni15.none.none.wav,none,none,pu,lu,ze,ki,sil,cho,zu,ri,sil1,la,sil2,,,,,,,,,,,,,,,,,,,,,,,,,,,,,,,,,,,,,,,,,,,,,,,,,,,,,,,,,,,
,,,,,,,s114,A,2024-02-19_20h04.52.495,Unsyncopated_study2,2022.2.5,MacIntel,120.4819277,,,,,,,,,,,,,,,,,,,,,,,,,,,,,,,,,,,,,,,,,,,,,,,,,,,,,,,,,,,,,,,,,,,,,,,,,,,,,,,,,,,,,,,,,,,,,,,,,,,,,,,,,,,,,,,,,,,,,,,,,,,,,,,,,,,,,,,,,,,,,,,,,,,,,,,,,,,,,,,,,0,9,9,6,1,ne,ni,108:112,red,,,,,,,,,,,,,,,,,,,,,,,,,,,,,,,,,,,,,,,,,,,,,,,,,
,,,,,,,s114,A,2024-02-19_20h04.52.495,Unsyncopated_study2,2022.2.5,MacIntel,120.4819277,,,,,,,,,,,,,,,,,,,,,,,,,,,,,,,,,,,,,,,,,,,,,,,,,,,,,,,,,,,,,,,,,,,,,,,,,,,,,,,,,,,,,,,,,,,,,,,,,,,,,,,,,,,,,,,,,,,,,,,,,,,,,,,,,,,,,,,,,,,,,0,0,0,2,1,Online_conjL1_syn//b.ta.be18.none.none.wav,none,none,pu,ni,zu,ki,sil,ne,la,ze,sil1,cho,sil2,,,,,,,,,,,,,,,,,,,,,,,,,,,,,,,,,,,,,,,,,,,,,,,,,,,,,,,,,,,
,,,,,,,s114,A,2024-02-19_20h04.52.495,Unsyncopated_study2,2022.2.5,MacIntel,120.4819277,,,,,,,,,,,,,,,,,,,,,,,,,,,,,,,,,,,,,,,,,,,,,,,,,,,,,,,,,,,,,,,,,,,,,,,,,,,,,,,,,,,,,,,,,,,,,,,,,,,,,,,,,,,,,,,,,,,,,,,,,,,,,,,,,,,,,,,,,,,,,0,1,1,1,1,Online_conjL1_syn//b.ta.be17.none.none.wav,none,none,zu,lu,ze,pu,sil,la,cho,ki,sil1,fa,sil2,,,,,,,,,,,,,,,,,,,,,,,,,,,,,,,,,,,,,,,,,,,,,,,,,,,,,,,,,,,
,,,,,,,s114,A,2024-02-19_20h04.52.495,Unsyncopated_study2,2022.2.5,MacIntel,120.4819277,,,,,,,,,,,,,,,,,,,,,,,,,,,,,,,,,,,,,,,,,,,,,,,,,,,,,,,,,,,,,,,,,,,,,,,,,,,,,,,,,,,,,,,,,,,,,,,,,,,,,,,,,,,,,,,,,,,,,,,,,,,,,,,,,,,,,,,,,,,,"[""space"",""space"",""space""]",0,2,2,3,1,Online_conjL1_syn//b.ta.be19.666.1554.wav,666,1554,fa,la,ni,ta,sil,cho,ne,be,sil1,ri,sil2,"[0.040600000001404624,0.9116999999992004,1.580199999999195]",,,,,,,,,,,,,,,,,,,,,,,,,,,,,,,,,,,,,,,,,,,,,,,,,,,,,,,,,,
,,,,,,,s114,A,2024-02-19_20h04.52.495,Unsyncopated_study2,2022.2.5,MacIntel,120.4819277,,,,,,,,,,,,,,,,,,,,,,,,,,,,,,,,,,,,,,,,,,,,,,,,,,,,,,,,,,,,,,,,,,,,,,,,,,,,,,,,,,,,,,,,,,,,,,,,,,,,,,,,,,,,,,,,,,,,,,,,,,,,,,,,,,,,,,,,,,,,"[""space""]",0,3,3,0,1,Online_conjL1_syn//b.ta.be16.666.1554.wav,666,1554,ro,ne,lu,ta,sil,la,ri,be,sil1,fo,sil2,[1.3706999999992604],,,,,,,,,,,,,,,,,,,,,,,,,,,,,,,,,,,,,,,,,,,,,,,,,,,,,,,,,,
,,,,,,,s114,A,2024-02-19_20h04.52.495,Unsyncopated_study2,2022.2.5,MacIntel,120.4819277,,,,,,,,,,,,,,,,,,,,,,,,,,,,,,,,,,,,,,,,,,,,,,,,,,,,,,,,,,,,,,,,,,,,,,,,,,,,,,,,,,,,,,,,,,,,,,,,,,,,,,,,,,,,,,,,,,,,,,,,,,,,,,,,,,,,,,,,,,,,,,,,,,,,,,,,,,,,,,,,,0,10,10,4,1,ta,be,48:52,green,,,,,,,,,,,,,,,,,,,,,,,,,,,,,,,,,,,,,,,,,,,,,,,,,
,,,,,,,s114,A,2024-02-19_20h04.52.495,Unsyncopated_study2,2022.2.5,MacIntel,120.4819277,,,,,,,,,,,,,,,,,,,,,,,,,,,,,,,,,,,,,,,,,,,,,,,,,,,,,,,,,,,,,,,,,,,,,,,,,,,,,,,,,,,,,,,,,,,,,,,,,,,,,,,,,,,,,,,,,,,,,,,,,,,,,,,,,,,,,,,,,,,,"[""space""]",0,0,0,3,1,Online_conjL1_syn//a.pu.ki11.0.666.wav,666,0,pu,fa,ri,ki,sil,lu,cho,zu,sil1,ni,sil2,[1.5368000000007669],,,,,,,,,,,,,,,,,,,,,,,,,,,,,,,,,,,,,,,,,,,,,,,,,,,,,,,,,,
,,,,,,,s114,A,2024-02-19_20h04.52.495,Unsyncopated_study2,2022.2.5,MacIntel,120.4819277,,,,,,,,,,,,,,,,,,,,,,,,,,,,,,,,,,,,,,,,,,,,,,,,,,,,,,,,,,,,,,,,,,,,,,,,,,,,,,,,,,,,,,,,,,,,,,,,,,,,,,,,,,,,,,,,,,,,,,,,,,,,,,,,,,,,,,,,,,,,,0,1,1,1,1,Online_conjL1_syn//a.pu.ki9.none.none.wav,none,none,fa,ne,cho,ta,sil,ni,zu,be,sil1,lu,sil2,,,,,,,,,,,,,,,,,,,,,,,,,,,,,,,,,,,,,,,,,,,,,,,,,,,,,,,,,,,
,,,,,,,s114,A,2024-02-19_20h04.52.495,Unsyncopated_study2,2022.2.5,MacIntel,120.4819277,,,,,,,,,,,,,,,,,,,,,,,,,,,,,,,,,,,,,,,,,,,,,,,,,,,,,,,,,,,,,,,,,,,,,,,,,,,,,,,,,,,,,,,,,,,,,,,,,,,,,,,,,,,,,,,,,,,,,,,,,,,,,,,,,,,,,,,,,,,,"[""space""]",0,2,2,0,1,Online_conjL1_syn//a.pu.ki8.0.666.wav,666,0,pu,ze,ni,ki,sil,ne,ro,ri,sil1,fa,sil2,[1.2778999999984535],,,,,,,,,,,,,,,,,,,,,,,,,,,,,,,,,,,,,,,,,,,,,,,,,,,,,,,,,,
,,,,,,,s114,A,2024-02-19_20h04.52.495,Unsyncopated_study2,2022.2.5,MacIntel,120.4819277,,,,,,,,,,,,,,,,,,,,,,,,,,,,,,,,,,,,,,,,,,,,,,,,,,,,,,,,,,,,,,,,,,,,,,,,,,,,,,,,,,,,,,,,,,,,,,,,,,,,,,,,,,,,,,,,,,,,,,,,,,,,,,,,,,,,,,,,,,,,"[""space""]",0,3,3,2,1,Online_conjL1_syn//a.pu.ki10.0.666.wav,666,0,pu,ro,cho,ki,sil,zu,la,fa,sil1,ne,sil2,[1.7961999999993168],,,,,,,,,,,,,,,,,,,,,,,,,,,,,,,,,,,,,,,,,,,,,,,,,,,,,,,,,,
,,,,,,,s114,A,2024-02-19_20h04.52.495,Unsyncopated_study2,2022.2.5,MacIntel,120.4819277,,,,,,,,,,,,,,,,,,,,,,,,,,,,,,,,,,,,,,,,,,,,,,,,,,,,,,,,,,,,,,,,,,,,,,,,,,,,,,,,,,,,,,,,,,,,,,,,,,,,,,,,,,,,,,,,,,,,,,,,,,,,,,,,,,,,,,,,,,,,,,,,,,,,,,,,,,,,,,,,,0,11,11,15,1,ki,pu,8:12,blue,,,,,,,,,,,,,,,,,,,,,,,,,,,,,,,,,,,,,,,,,,,,,,,,,
,,,,,,,s114,A,2024-02-19_20h04.52.495,Unsyncopated_study2,2022.2.5,MacIntel,120.4819277,,,,,,,,,,,,,,,,,,,,,,,,,,,,,,,,,,,,,,,,,,,,,,,,,,,,,,,,,,,,,,,,,,,,,,,,,,,,,,,,,,,,,,,,,,,,,,,,,,,,,,,,,,,,,,,,,,,,,,,,,,,,,,,,,,,,,,,,,,,,,0,0,0,3,1,Online_conjL1_syn//c.ro.fo31.none.none.wav,none,none,ri,fa,la,ta,sil,lu,ne,be,sil1,zu,sil2,,,,,,,,,,,,,,,,,,,,,,,,,,,,,,,,,,,,,,,,,,,,,,,,,,,,,,,,,,,
,,,,,,,s114,A,2024-02-19_20h04.52.495,Unsyncopated_study2,2022.2.5,MacIntel,120.4819277,,,,,,,,,,,,,,,,,,,,,,,,,,,,,,,,,,,,,,,,,,,,,,,,,,,,,,,,,,,,,,,,,,,,,,,,,,,,,,,,,,,,,,,,,,,,,,,,,,,,,,,,,,,,,,,,,,,,,,,,,,,,,,,,,,,,,,,,,,,,"[""space""]",0,1,1,1,1,Online_conjL1_syn//c.ro.fo29.none.none.wav,none,none,ta,zu,ri,be,sil,la,ni,fa,sil1,lu,sil2,[1.7274999999999636],,,,,,,,,,,,,,,,,,,,,,,,,,,,,,,,,,,,,,,,,,,,,,,,,,,,,,,,,,
,,,,,,,s114,A,2024-02-19_20h04.52.495,Unsyncopated_study2,2022.2.5,MacIntel,120.4819277,,,,,,,,,,,,,,,,,,,,,,,,,,,,,,,,,,,,,,,,,,,,,,,,,,,,,,,,,,,,,,,,,,,,,,,,,,,,,,,,,,,,,,,,,,,,,,,,,,,,,,,,,,,,,,,,,,,,,,,,,,,,,,,,,,,,,,,,,,,,"[""space""]",0,2,2,2,1,Online_conjL1_syn//c.ro.fo30.1110.0.wav,1110,0,fo,ze,fa,ta,sil,ro,ri,be,sil1,ni,sil2,[1.951699999999164],,,,,,,,,,,,,,,,,,,,,,,,,,,,,,,,,,,,,,,,,,,,,,,,,,,,,,,,,,
,,,,,,,s114,A,2024-02-19_20h04.52.495,Unsyncopated_study2,2022.2.5,MacIntel,120.4819277,,,,,,,,,,,,,,,,,,,,,,,,,,,,,,,,,,,,,,,,,,,,,,,,,,,,,,,,,,,,,,,,,,,,,,,,,,,,,,,,,,,,,,,,,,,,,,,,,,,,,,,,,,,,,,,,,,,,,,,,,,,,,,,,,,,,,,,,,,,,,0,3,3,0,1,Online_conjL1_syn//c.ro.fo28.none.none.wav,none,none,pu,ni,lu,ki,sil,ne,la,ze,sil1,fa,sil2,,,,,,,,,,,,,,,,,,,,,,,,,,,,,,,,,,,,,,,,,,,,,,,,,,,,,,,,,,,
,,,,,,,s114,A,2024-02-19_20h04.52.495,Unsyncopated_study2,2022.2.5,MacIntel,120.4819277,,,,,,,,,,,,,,,,,,,,,,,,,,,,,,,,,,,,,,,,,,,,,,,,,,,,,,,,,,,,,,,,,,,,,,,,,,,,,,,,,,,,,,,,,,,,,,,,,,,,,,,,,,,,,,,,,,,,,,,,,,,,,,,,,,,,,,,,,,,,,,,,,,,,,,,,,,,,,,,,,0,12,12,22,1,ro,fo,92:96,orange,,,,,,,,,,,,,,,,,,,,,,,,,,,,,,,,,,,,,,,,,,,,,,,,,
,,,,,,,s114,A,2024-02-19_20h04.52.495,Unsyncopated_study2,2022.2.5,MacIntel,120.4819277,,,,,,,,,,,,,,,,,,,,,,,,,,,,,,,,,,,,,,,,,,,,,,,,,,,,,,,,,,,,,,,,,,,,,,,,,,,,,,,,,,,,,,,,,,,,,,,,,,,,,,,,,,,,,,,,,,,,,,,,,,,,,,,,,,,,,,,,,,,,"[""space""]",0,0,0,3,1,Online_conjL1_syn//c.ro.fo23.1110.1332.wav,1110,1332,ta,ne,cho,be,sil,ro,fo,zu,sil1,ni,sil2,[1.780300000000807],,,,,,,,,,,,,,,,,,,,,,,,,,,,,,,,,,,,,,,,,,,,,,,,,,,,,,,,,,
,,,,,,,s114,A,2024-02-19_20h04.52.495,Unsyncopated_study2,2022.2.5,MacIntel,120.4819277,,,,,,,,,,,,,,,,,,,,,,,,,,,,,,,,,,,,,,,,,,,,,,,,,,,,,,,,,,,,,,,,,,,,,,,,,,,,,,,,,,,,,,,,,,,,,,,,,,,,,,,,,,,,,,,,,,,,,,,,,,,,,,,,,,,,,,,,,,,,,0,1,1,2,1,Online_conjL1_syn//c.ro.fo22.none.none.wav,none,none,pu,fa,cho,ki,sil,ne,la,ni,sil1,ze,sil2,,,,,,,,,,,,,,,,,,,,,,,,,,,,,,,,,,,,,,,,,,,,,,,,,,,,,,,,,,,
,,,,,,,s114,A,2024-02-19_20h04.52.495,Unsyncopated_study2,2022.2.5,MacIntel,120.4819277,,,,,,,,,,,,,,,,,,,,,,,,,,,,,,,,,,,,,,,,,,,,,,,,,,,,,,,,,,,,,,,,,,,,,,,,,,,,,,,,,,,,,,,,,,,,,,,,,,,,,,,,,,,,,,,,,,,,,,,,,,,,,,,,,,,,,,,,,,,,,0,2,2,0,1,Online_conjL1_syn//c.ro.fo20.none.none.wav,none,none,lu,ne,la,pu,sil,zu,cho,ki,sil1,ni,sil2,,,,,,,,,,,,,,,,,,,,,,,,,,,,,,,,,,,,,,,,,,,,,,,,,,,,,,,,,,,
,,,,,,,s114,A,2024-02-19_20h04.52.495,Unsyncopated_study2,2022.2.5,MacIntel,120.4819277,,,,,,,,,,,,,,,,,,,,,,,,,,,,,,,,,,,,,,,,,,,,,,,,,,,,,,,,,,,,,,,,,,,,,,,,,,,,,,,,,,,,,,,,,,,,,,,,,,,,,,,,,,,,,,,,,,,,,,,,,,,,,,,,,,,,,,,,,,,,,0,3,3,1,1,Online_conjL1_syn//c.ro.fo21.none.none.wav,none,none,ze,zu,la,ta,sil,ne,cho,be,sil1,ni,sil2,,,,,,,,,,,,,,,,,,,,,,,,,,,,,,,,,,,,,,,,,,,,,,,,,,,,,,,,,,,
,,,,,,,s114,A,2024-02-19_20h04.52.495,Unsyncopated_study2,2022.2.5,MacIntel,120.4819277,,,,,,,,,,,,,,,,,,,,,,,,,,,,,,,,,,,,,,,,,,,,,,,,,,,,,,,,,,,,,,,,,,,,,,,,,,,,,,,,,,,,,,,,,,,,,,,,,,,,,,,,,,,,,,,,,,,,,,,,,,,,,,,,,,,,,,,,,,,,,,,,,,,,,,,,,,,,,,,,,0,13,13,10,1,ro,fo,84:88,orange,,,,,,,,,,,,,,,,,,,,,,,,,,,,,,,,,,,,,,,,,,,,,,,,,
,,,,,,,s114,A,2024-02-19_20h04.52.495,Unsyncopated_study2,2022.2.5,MacIntel,120.4819277,,,,,,,,,,,,,,,,,,,,,,,,,,,,,,,,,,,,,,,,,,,,,,,,,,,,,,,,,,,,,,,,,,,,,,,,,,,,,,,,,,,,,,,,,,,,,,,,,,,,,,,,,,,,,,,,,,,,,,,,,,,,,,,,,,,,,,,,,,,,"[""space""]",0,0,0,0,1,Online_conjL1_syn//b.ta.be12.none.none.wav,none,none,pu,ro,lu,ki,sil,ri,fa,ni,sil1,cho,sil2,[2.217200000003004],,,,,,,,,,,,,,,,,,,,,,,,,,,,,,,,,,,,,,,,,,,,,,,,,,,,,,,,,,
,,,,,,,s114,A,2024-02-19_20h04.52.495,Unsyncopated_study2,2022.2.5,MacIntel,120.4819277,,,,,,,,,,,,,,,,,,,,,,,,,,,,,,,,,,,,,,,,,,,,,,,,,,,,,,,,,,,,,,,,,,,,,,,,,,,,,,,,,,,,,,,,,,,,,,,,,,,,,,,,,,,,,,,,,,,,,,,,,,,,,,,,,,,,,,,,,,,,"[""space""]",0,1,1,2,1,Online_conjL1_syn//b.ta.be14.0.666.wav,0,666,ta,la,fa,be,sil,ni,fo,ro,sil1,lu,sil2,[0.6613999999983662],,,,,,,,,,,,,,,,,,,,,,,,,,,,,,,,,,,,,,,,,,,,,,,,,,,,,,,,,,
,,,,,,,s114,A,2024-02-19_20h04.52.495,Unsyncopated_study2,2022.2.5,MacIntel,120.4819277,,,,,,,,,,,,,,,,,,,,,,,,,,,,,,,,,,,,,,,,,,,,,,,,,,,,,,,,,,,,,,,,,,,,,,,,,,,,,,,,,,,,,,,,,,,,,,,,,,,,,,,,,,,,,,,,,,,,,,,,,,,,,,,,,,,,,,,,,,,,,0,2,2,3,1,Online_conjL1_syn//b.ta.be15.none.none.wav,none,none,la,ni,lu,pu,sil,ri,cho,ki,sil1,fa,sil2,,,,,,,,,,,,,,,,,,,,,,,,,,,,,,,,,,,,,,,,,,,,,,,,,,,,,,,,,,,
,,,,,,,s114,A,2024-02-19_20h04.52.495,Unsyncopated_study2,2022.2.5,MacIntel,120.4819277,,,,,,,,,,,,,,,,,,,,,,,,,,,,,,,,,,,,,,,,,,,,,,,,,,,,,,,,,,,,,,,,,,,,,,,,,,,,,,,,,,,,,,,,,,,,,,,,,,,,,,,,,,,,,,,,,,,,,,,,,,,,,,,,,,,,,,,,,,,,"[""space"",""space""]",0,3,3,1,1,Online_conjL1_syn//b.ta.be13.0.666.wav,0,666,ta,ni,fo,be,sil,ze,ne,fa,sil1,ri,sil2,"[0.029199999999264037,0.8918000000007851]",,,,,,,,,,,,,,,,,,,,,,,,,,,,,,,,,,,,,,,,,,,,,,,,,,,,,,,,,,
,,,,,,,s114,A,2024-02-19_20h04.52.495,Unsyncopated_study2,2022.2.5,MacIntel,120.4819277,,,,,,,,,,,,,,,,,,,,,,,,,,,,,,,,,,,,,,,,,,,,,,,,,,,,,,,,,,,,,,,,,,,,,,,,,,,,,,,,,,,,,,,,,,,,,,,,,,,,,,,,,,,,,,,,,,,,,,,,,,,,,,,,,,,,,,,,,,,,,,,,,,,,,,,,,,,,,,,,,0,14,14,5,1,ta,be,44:48,green,,,,,,,,,,,,,,,,,,,,,,,,,,,,,,,,,,,,,,,,,,,,,,,,,
,,,,,,,s114,A,2024-02-19_20h04.52.495,Unsyncopated_study2,2022.2.5,MacIntel,120.4819277,,,,,,,,,,,,,,,,,,,,,,,,,,,,,,,,,,,,,,,,,,,,,,,,,,,,,,,,,,,,,,,,,,,,,,,,,,,,,,,,,,,,,,,,,,,,,,,,,,,,,,,,,,,,,,,,,,,,,,,,,,,,,,,,,,,,,,,,,,,,,0,0,0,2,1,Online_conjL1_syn//d.ne.ni10.none.none.wav,none,none,ta,ze,fo,be,sil,ro,zu,ri,sil1,lu,sil2,,,,,,,,,,,,,,,,,,,,,,,,,,,,,,,,,,,,,,,,,,,,,,,,,,,,,,,,,,,
,,,,,,,s114,A,2024-02-19_20h04.52.495,Unsyncopated_study2,2022.2.5,MacIntel,120.4819277,,,,,,,,,,,,,,,,,,,,,,,,,,,,,,,,,,,,,,,,,,,,,,,,,,,,,,,,,,,,,,,,,,,,,,,,,,,,,,,,,,,,,,,,,,,,,,,,,,,,,,,,,,,,,,,,,,,,,,,,,,,,,,,,,,,,,,,,,,,,,0,1,1,0,1,Online_conjL1_syn//d.ne.ni8.222.444.wav,222,444,fo,ne,ni,pu,sil,ri,ze,ki,sil1,ro,sil2,,,,,,,,,,,,,,,,,,,,,,,,,,,,,,,,,,,,,,,,,,,,,,,,,,,,,,,,,,,
,,,,,,,s114,A,2024-02-19_20h04.52.495,Unsyncopated_study2,2022.2.5,MacIntel,120.4819277,,,,,,,,,,,,,,,,,,,,,,,,,,,,,,,,,,,,,,,,,,,,,,,,,,,,,,,,,,,,,,,,,,,,,,,,,,,,,,,,,,,,,,,,,,,,,,,,,,,,,,,,,,,,,,,,,,,,,,,,,,,,,,,,,,,,,,,,,,,,"[""space""]",0,2,2,1,1,Online_conjL1_syn//d.ne.ni9.0.444.wav,0,444,ne,fo,ni,ta,sil,lu,ri,be,sil1,cho,sil2,[0.8848000000009506],,,,,,,,,,,,,,,,,,,,,,,,,,,,,,,,,,,,,,,,,,,,,,,,,,,,,,,,,,
,,,,,,,s114,A,2024-02-19_20h04.52.495,Unsyncopated_study2,2022.2.5,MacIntel,120.4819277,,,,,,,,,,,,,,,,,,,,,,,,,,,,,,,,,,,,,,,,,,,,,,,,,,,,,,,,,,,,,,,,,,,,,,,,,,,,,,,,,,,,,,,,,,,,,,,,,,,,,,,,,,,,,,,,,,,,,,,,,,,,,,,,,,,,,,,,,,,,"[""space""]",0,3,3,3,1,Online_conjL1_syn//d.ne.ni11.222.1332.wav,222,1332,pu,ne,ri,ki,sil,la,ni,cho,sil1,ro,sil2,[1.3430000000000746],,,,,,,,,,,,,,,,,,,,,,,,,,,,,,,,,,,,,,,,,,,,,,,,,,,,,,,,,,
,,,,,,,s114,A,2024-02-19_20h04.52.495,Unsyncopated_study2,2022.2.5,MacIntel,120.4819277,,,,,,,,,,,,,,,,,,,,,,,,,,,,,,,,,,,,,,,,,,,,,,,,,,,,,,,,,,,,,,,,,,,,,,,,,,,,,,,,,,,,,,,,,,,,,,,,,,,,,,,,,,,,,,,,,,,,,,,,,,,,,,,,,,,,,,,,,,,,,,,,,,,,,,,,,,,,,,,,,0,15,15,0,1,ne,ni,104:108,red,,,,,,,,,,,,,,,,,,,,,,,,,,,,,,,,,,,,,,,,,,,,,,,,,
,,,,,,,s114,A,2024-02-19_20h04.52.495,Unsyncopated_study2,2022.2.5,MacIntel,120.4819277,,,,,,,,,,,,,,,,,,,,,,,,,,,,,,,,,,,,,,,,,,,,,,,,,,,,,,,,,,,,,,,,,,,,,,,,,,,,,,,,,,,,,,,,,,,,,,,,,,,,,,,,,,,,,,,,,,,,,,,,,,,,,,,,,,,,,,,,,,,,,0,0,0,0,1,Online_conjL1_syn//d.ne.ni24.none.none.wav,none,none,lu,ro,la,ta,sil,fa,fo,be,sil1,zu,sil2,,,,,,,,,,,,,,,,,,,,,,,,,,,,,,,,,,,,,,,,,,,,,,,,,,,,,,,,,,,
,,,,,,,s114,A,2024-02-19_20h04.52.495,Unsyncopated_study2,2022.2.5,MacIntel,120.4819277,,,,,,,,,,,,,,,,,,,,,,,,,,,,,,,,,,,,,,,,,,,,,,,,,,,,,,,,,,,,,,,,,,,,,,,,,,,,,,,,,,,,,,,,,,,,,,,,,,,,,,,,,,,,,,,,,,,,,,,,,,,,,,,,,,,,,,,,,,,,,0,1,1,1,1,Online_conjL1_syn//d.ne.ni25.222.1110.wav,222,1110,ta,ne,ze,be,sil,ni,cho,la,sil1,lu,sil2,,,,,,,,,,,,,,,,,,,,,,,,,,,,,,,,,,,,,,,,,,,,,,,,,,,,,,,,,,,
,,,,,,,s114,A,2024-02-19_20h04.52.495,Unsyncopated_study2,2022.2.5,MacIntel,120.4819277,,,,,,,,,,,,,,,,,,,,,,,,,,,,,,,,,,,,,,,,,,,,,,,,,,,,,,,,,,,,,,,,,,,,,,,,,,,,,,,,,,,,,,,,,,,,,,,,,,,,,,,,,,,,,,,,,,,,,,,,,,,,,,,,,,,,,,,,,,,,,0,2,2,3,1,Online_conjL1_syn//d.ne.ni27.none.none.wav,none,none,ta,la,fo,be,sil,zu,cho,ze,sil1,ri,sil2,,,,,,,,,,,,,,,,,,,,,,,,,,,,,,,,,,,,,,,,,,,,,,,,,,,,,,,,,,,
,,,,,,,s114,A,2024-02-19_20h04.52.495,Unsyncopated_study2,2022.2.5,MacIntel,120.4819277,,,,,,,,,,,,,,,,,,,,,,,,,,,,,,,,,,,,,,,,,,,,,,,,,,,,,,,,,,,,,,,,,,,,,,,,,,,,,,,,,,,,,,,,,,,,,,,,,,,,,,,,,,,,,,,,,,,,,,,,,,,,,,,,,,,,,,,,,,,,,0,3,3,2,1,Online_conjL1_syn//d.ne.ni26.none.none.wav,none,none,ze,zu,fa,pu,sil,cho,lu,ki,sil1,fo,sil2,,,,,,,,,,,,,,,,,,,,,,,,,,,,,,,,,,,,,,,,,,,,,,,,,,,,,,,,,,,
,,,,,,,s114,A,2024-02-19_20h04.52.495,Unsyncopated_study2,2022.2.5,MacIntel,120.4819277,,,,,,,,,,,,,,,,,,,,,,,,,,,,,,,,,,,,,,,,,,,,,,,,,,,,,,,,,,,,,,,,,,,,,,,,,,,,,,,,,,,,,,,,,,,,,,,,,,,,,,,,,,,,,,,,,,,,,,,,,,,,,,,,,,,,,,,,,,,,,,,,,,,,,,,,,,,,,,,,,0,16,16,17,1,ne,ni,120:124,red,,,,,,,,,,,,,,,,,,,,,,,,,,,,,,,,,,,,,,,,,,,,,,,,,
,,,,,,,s114,A,2024-02-19_20h04.52.495,Unsyncopated_study2,2022.2.5,MacIntel,120.4819277,,,,,,,,,,,,,,,,,,,,,,,,,,,,,,,,,,,,,,,,,,,,,,,,,,,,,,,,,,,,,,,,,,,,,,,,,,,,,,,,,,,,,,,,,,,,,,,,,,,,,,,,,,,,,,,,,,,,,,,,,,,,,,,,,,,,,,,,,,,,,0,0,0,0,1,Online_conjL1_syn//d.ne.ni20.none.none.wav,none,none,ze,lu,ro,ta,sil,fa,ri,be,sil1,cho,sil2,,,,,,,,,,,,,,,,,,,,,,,,,,,,,,,,,,,,,,,,,,,,,,,,,,,,,,,,,,,
,,,,,,,s114,A,2024-02-19_20h04.52.495,Unsyncopated_study2,2022.2.5,MacIntel,120.4819277,,,,,,,,,,,,,,,,,,,,,,,,,,,,,,,,,,,,,,,,,,,,,,,,,,,,,,,,,,,,,,,,,,,,,,,,,,,,,,,,,,,,,,,,,,,,,,,,,,,,,,,,,,,,,,,,,,,,,,,,,,,,,,,,,,,,,,,,,,,,"[""space""]",0,1,1,3,1,Online_conjL1_syn//d.ne.ni23.0.444.wav,0,444,ne,fo,ni,pu,sil,ri,fa,ki,sil1,lu,sil2,[1.6030000000000655],,,,,,,,,,,,,,,,,,,,,,,,,,,,,,,,,,,,,,,,,,,,,,,,,,,,,,,,,,
,,,,,,,s114,A,2024-02-19_20h04.52.495,Unsyncopated_study2,2022.2.5,MacIntel,120.4819277,,,,,,,,,,,,,,,,,,,,,,,,,,,,,,,,,,,,,,,,,,,,,,,,,,,,,,,,,,,,,,,,,,,,,,,,,,,,,,,,,,,,,,,,,,,,,,,,,,,,,,,,,,,,,,,,,,,,,,,,,,,,,,,,,,,,,,,,,,,,,0,2,2,1,1,Online_conjL1_syn//d.ne.ni21.none.none.wav,none,none,pu,lu,fo,ki,sil,ze,cho,ro,sil1,zu,sil2,,,,,,,,,,,,,,,,,,,,,,,,,,,,,,,,,,,,,,,,,,,,,,,,,,,,,,,,,,,
,,,,,,,s114,A,2024-02-19_20h04.52.495,Unsyncopated_study2,2022.2.5,MacIntel,120.4819277,,,,,,,,,,,,,,,,,,,,,,,,,,,,,,,,,,,,,,,,,,,,,,,,,,,,,,,,,,,,,,,,,,,,,,,,,,,,,,,,,,,,,,,,,,,,,,,,,,,,,,,,,,,,,,,,,,,,,,,,,,,,,,,,,,,,,,,,,,,,,0,3,3,2,1,Online_conjL1_syn//d.ne.ni22.1110.0.wav,1110,0,ni,ze,lu,ta,sil,ne,cho,be,sil1,zu,sil2,,,,,,,,,,,,,,,,,,,,,,,,,,,,,,,,,,,,,,,,,,,,,,,,,,,,,,,,,,,
,,,,,,,s114,A,2024-02-19_20h04.52.495,Unsyncopated_study2,2022.2.5,MacIntel,120.4819277,,,,,,,,,,,,,,,,,,,,,,,,,,,,,,,,,,,,,,,,,,,,,,,,,,,,,,,,,,,,,,,,,,,,,,,,,,,,,,,,,,,,,,,,,,,,,,,,,,,,,,,,,,,,,,,,,,,,,,,,,,,,,,,,,,,,,,,,,,,,,,,,,,,,,,,,,,,,,,,,,0,17,17,2,1,ne,ni,116:120,red,,,,,,,,,,,,,,,,,,,,,,,,,,,,,,,,,,,,,,,,,,,,,,,,,
,,,,,,,s114,A,2024-02-19_20h04.52.495,Unsyncopated_study2,2022.2.5,MacIntel,120.4819277,,,,,,,,,,,,,,,,,,,,,,,,,,,,,,,,,,,,,,,,,,,,,,,,,,,,,,,,,,,,,,,,,,,,,,,,,,,,,,,,,,,,,,,,,,,,,,,,,,,,,,,,,,,,,,,,,,,,,,,,,,,,,,,,,,,,,,,,,,,,"[""space""]",0,0,0,0,1,Online_conjL1_syn//b.ta.be8.0.666.wav,0,666,ta,la,zu,be,sil,ro,cho,ze,sil1,lu,sil2,[0.755500000000211],,,,,,,,,,,,,,,,,,,,,,,,,,,,,,,,,,,,,,,,,,,,,,,,,,,,,,,,,,
,,,,,,,s114,A,2024-02-19_20h04.52.495,Unsyncopated_study2,2022.2.5,MacIntel,120.4819277,,,,,,,,,,,,,,,,,,,,,,,,,,,,,,,,,,,,,,,,,,,,,,,,,,,,,,,,,,,,,,,,,,,,,,,,,,,,,,,,,,,,,,,,,,,,,,,,,,,,,,,,,,,,,,,,,,,,,,,,,,,,,,,,,,,,,,,,,,,,"[""space""]",0,1,1,2,1,Online_conjL1_syn//b.ta.be10.0.666.wav,0,666,ta,cho,ri,be,sil,ni,zu,ze,sil1,ne,sil2,[1.074999999999818],,,,,,,,,,,,,,,,,,,,,,,,,,,,,,,,,,,,,,,,,,,,,,,,,,,,,,,,,,
,,,,,,,s114,A,2024-02-19_20h04.52.495,Unsyncopated_study2,2022.2.5,MacIntel,120.4819277,,,,,,,,,,,,,,,,,,,,,,,,,,,,,,,,,,,,,,,,,,,,,,,,,,,,,,,,,,,,,,,,,,,,,,,,,,,,,,,,,,,,,,,,,,,,,,,,,,,,,,,,,,,,,,,,,,,,,,,,,,,,,,,,,,,,,,,,,,,,"[""space""]",0,2,2,1,1,Online_conjL1_syn//b.ta.be9.666.1554.wav,666,1554,la,lu,ne,ta,sil,ze,fo,be,sil1,zu,sil2,[1.6431999999992968],,,,,,,,,,,,,,,,,,,,,,,,,,,,,,,,,,,,,,,,,,,,,,,,,,,,,,,,,,
,,,,,,,s114,A,2024-02-19_20h04.52.495,Unsyncopated_study2,2022.2.5,MacIntel,120.4819277,,,,,,,,,,,,,,,,,,,,,,,,,,,,,,,,,,,,,,,,,,,,,,,,,,,,,,,,,,,,,,,,,,,,,,,,,,,,,,,,,,,,,,,,,,,,,,,,,,,,,,,,,,,,,,,,,,,,,,,,,,,,,,,,,,,,,,,,,,,,"[""space""]",0,3,3,3,1,Online_conjL1_syn//b.ta.be11.0.666.wav,0,666,ta,zu,lu,be,sil,ni,ro,cho,sil1,fo,sil2,[0.827300000000605],,,,,,,,,,,,,,,,,,,,,,,,,,,,,,,,,,,,,,,,,,,,,,,,,,,,,,,,,,
,,,,,,,s114,A,2024-02-19_20h04.52.495,Unsyncopated_study2,2022.2.5,MacIntel,120.4819277,,,,,,,,,,,,,,,,,,,,,,,,,,,,,,,,,,,,,,,,,,,,,,,,,,,,,,,,,,,,,,,,,,,,,,,,,,,,,,,,,,,,,,,,,,,,,,,,,,,,,,,,,,,,,,,,,,,,,,,,,,,,,,,,,,,,,,,,,,,,,,,,,,,,,,,,,,,,,,,,,0,18,18,19,1,ta,be,40:44,green,,,,,,,,,,,,,,,,,,,,,,,,,,,,,,,,,,,,,,,,,,,,,,,,,
,,,,,,,s114,A,2024-02-19_20h04.52.495,Unsyncopated_study2,2022.2.5,MacIntel,120.4819277,,,,,,,,,,,,,,,,,,,,,,,,,,,,,,,,,,,,,,,,,,,,,,,,,,,,,,,,,,,,,,,,,,,,,,,,,,,,,,,,,,,,,,,,,,,,,,,,,,,,,,,,,,,,,,,,,,,,,,,,,,,,,,,,,,,,,,,,,,,,"[""space""]",0,0,0,1,1,Online_conjL1_syn//c.ro.fo5.1332.0.wav,1332,0,fo,zu,cho,pu,sil,ni,ro,ki,sil1,fa,sil2,[2.0110000000001946],,,,,,,,,,,,,,,,,,,,,,,,,,,,,,,,,,,,,,,,,,,,,,,,,,,,,,,,,,
,,,,,,,s114,A,2024-02-19_20h04.52.495,Unsyncopated_study2,2022.2.5,MacIntel,120.4819277,,,,,,,,,,,,,,,,,,,,,,,,,,,,,,,,,,,,,,,,,,,,,,,,,,,,,,,,,,,,,,,,,,,,,,,,,,,,,,,,,,,,,,,,,,,,,,,,,,,,,,,,,,,,,,,,,,,,,,,,,,,,,,,,,,,,,,,,,,,,,0,1,1,3,1,Online_conjL1_syn//c.ro.fo7.none.none.wav,none,none,pu,zu,la,ki,sil,ze,ne,lu,sil1,ri,sil2,,,,,,,,,,,,,,,,,,,,,,,,,,,,,,,,,,,,,,,,,,,,,,,,,,,,,,,,,,,
,,,,,,,s114,A,2024-02-19_20h04.52.495,Unsyncopated_study2,2022.2.5,MacIntel,120.4819277,,,,,,,,,,,,,,,,,,,,,,,,,,,,,,,,,,,,,,,,,,,,,,,,,,,,,,,,,,,,,,,,,,,,,,,,,,,,,,,,,,,,,,,,,,,,,,,,,,,,,,,,,,,,,,,,,,,,,,,,,,,,,,,,,,,,,,,,,,,,,0,2,2,2,1,Online_conjL1_syn//c.ro.fo6.none.none.wav,none,none,ta,fa,ni,be,sil,la,ne,cho,sil1,ze,sil2,,,,,,,,,,,,,,,,,,,,,,,,,,,,,,,,,,,,,,,,,,,,,,,,,,,,,,,,,,,
,,,,,,,s114,A,2024-02-19_20h04.52.495,Unsyncopated_study2,2022.2.5,MacIntel,120.4819277,,,,,,,,,,,,,,,,,,,,,,,,,,,,,,,,,,,,,,,,,,,,,,,,,,,,,,,,,,,,,,,,,,,,,,,,,,,,,,,,,,,,,,,,,,,,,,,,,,,,,,,,,,,,,,,,,,,,,,,,,,,,,,,,,,,,,,,,,,,,"[""space""]",0,3,3,0,1,Online_conjL1_syn//c.ro.fo4.444.1110.wav,444,1110,ta,ze,ro,be,sil,fo,ni,cho,sil1,zu,sil2,[1.1456999999993513],,,,,,,,,,,,,,,,,,,,,,,,,,,,,,,,,,,,,,,,,,,,,,,,,,,,,,,,,,
,,,,,,,s114,A,2024-02-19_20h04.52.495,Unsyncopated_study2,2022.2.5,MacIntel,120.4819277,,,,,,,,,,,,,,,,,,,,,,,,,,,,,,,,,,,,,,,,,,,,,,,,,,,,,,,,,,,,,,,,,,,,,,,,,,,,,,,,,,,,,,,,,,,,,,,,,,,,,,,,,,,,,,,,,,,,,,,,,,,,,,,,,,,,,,,,,,,,,,,,,,,,,,,,,,,,,,,,,0,19,19,20,1,ro,fo,68:72,orange,,,,,,,,,,,,,,,,,,,,,,,,,,,,,,,,,,,,,,,,,,,,,,,,,
,,,,,,,s114,A,2024-02-19_20h04.52.495,Unsyncopated_study2,2022.2.5,MacIntel,120.4819277,,,,,,,,,,,,,,,,,,,,,,,,,,,,,,,,,,,,,,,,,,,,,,,,,,,,,,,,,,,,,,,,,,,,,,,,,,,,,,,,,,,,,,,,,,,,,,,,,,,,,,,,,,,,,,,,,,,,,,,,,,,,,,,,,,,,,,,,,,,,"[""space""]",0,0,0,1,1,Online_conjL1_syn//b.ta.be1.666.1554.wav,666,1554,ni,la,lu,ta,sil,cho,ro,be,sil1,ne,sil2,[1.3857000000029984],,,,,,,,,,,,,,,,,,,,,,,,,,,,,,,,,,,,,,,,,,,,,,,,,,,,,,,,,,
,,,,,,,s114,A,2024-02-19_20h04.52.495,Unsyncopated_study2,2022.2.5,MacIntel,120.4819277,,,,,,,,,,,,,,,,,,,,,,,,,,,,,,,,,,,,,,,,,,,,,,,,,,,,,,,,,,,,,,,,,,,,,,,,,,,,,,,,,,,,,,,,,,,,,,,,,,,,,,,,,,,,,,,,,,,,,,,,,,,,,,,,,,,,,,,,,,,,"[""space""]",0,1,1,0,1,Online_conjL1_syn//b.ta.be0.666.1554.wav,666,1554,cho,fa,fo,ta,sil,zu,la,be,sil1,ne,sil2,[0.9047999999970671],,,,,,,,,,,,,,,,,,,,,,,,,,,,,,,,,,,,,,,,,,,,,,,,,,,,,,,,,,
,,,,,,,s114,A,2024-02-19_20h04.52.495,Unsyncopated_study2,2022.2.5,MacIntel,120.4819277,,,,,,,,,,,,,,,,,,,,,,,,,,,,,,,,,,,,,,,,,,,,,,,,,,,,,,,,,,,,,,,,,,,,,,,,,,,,,,,,,,,,,,,,,,,,,,,,,,,,,,,,,,,,,,,,,,,,,,,,,,,,,,,,,,,,,,,,,,,,"[""space""]",0,2,2,3,1,Online_conjL1_syn//b.ta.be3.666.1554.wav,666,1554,lu,ro,zu,ta,sil,ne,fo,be,sil1,ni,sil2,[1.2883999999985463],,,,,,,,,,,,,,,,,,,,,,,,,,,,,,,,,,,,,,,,,,,,,,,,,,,,,,,,,,
,,,,,,,s114,A,2024-02-19_20h04.52.495,Unsyncopated_study2,2022.2.5,MacIntel,120.4819277,,,,,,,,,,,,,,,,,,,,,,,,,,,,,,,,,,,,,,,,,,,,,,,,,,,,,,,,,,,,,,,,,,,,,,,,,,,,,,,,,,,,,,,,,,,,,,,,,,,,,,,,,,,,,,,,,,,,,,,,,,,,,,,,,,,,,,,,,,,,,0,3,3,2,1,Online_conjL1_syn//b.ta.be2.none.none.wav,none,none,ri,ne,fo,pu,sil,zu,la,ki,sil1,lu,sil2,,,,,,,,,,,,,,,,,,,,,,,,,,,,,,,,,,,,,,,,,,,,,,,,,,,,,,,,,,,
,,,,,,,s114,A,2024-02-19_20h04.52.495,Unsyncopated_study2,2022.2.5,MacIntel,120.4819277,,,,,,,,,,,,,,,,,,,,,,,,,,,,,,,,,,,,,,,,,,,,,,,,,,,,,,,,,,,,,,,,,,,,,,,,,,,,,,,,,,,,,,,,,,,,,,,,,,,,,,,,,,,,,,,,,,,,,,,,,,,,,,,,,,,,,,,,,,,,,,,,,,,,,,,,,,,,,,,,,0,20,20,27,1,ta,be,32:36,green,,,,,,,,,,,,,,,,,,,,,,,,,,,,,,,,,,,,,,,,,,,,,,,,,
,,,,,,,s114,A,2024-02-19_20h04.52.495,Unsyncopated_study2,2022.2.5,MacIntel,120.4819277,,,,,,,,,,,,,,,,,,,,,,,,,,,,,,,,,,,,,,,,,,,,,,,,,,,,,,,,,,,,,,,,,,,,,,,,,,,,,,,,,,,,,,,,,,,,,,,,,,,,,,,,,,,,,,,,,,,,,,,,,,,,,,,,,,,,,,,,,,,,,0,0,0,0,1,Online_conjL1_syn//a.pu.ki16.none.none.wav,none,none,la,ze,fo,ta,sil,zu,lu,be,sil1,ne,sil2,,,,,,,,,,,,,,,,,,,,,,,,,,,,,,,,,,,,,,,,,,,,,,,,,,,,,,,,,,,
,,,,,,,s114,A,2024-02-19_20h04.52.495,Unsyncopated_study2,2022.2.5,MacIntel,120.4819277,,,,,,,,,,,,,,,,,,,,,,,,,,,,,,,,,,,,,,,,,,,,,,,,,,,,,,,,,,,,,,,,,,,,,,,,,,,,,,,,,,,,,,,,,,,,,,,,,,,,,,,,,,,,,,,,,,,,,,,,,,,,,,,,,,,,,,,,,,,,,0,1,1,3,1,Online_conjL1_syn//a.pu.ki19.none.none.wav,none,none,ta,fa,lu,be,sil,ne,fo,ri,sil1,ze,sil2,,,,,,,,,,,,,,,,,,,,,,,,,,,,,,,,,,,,,,,,,,,,,,,,,,,,,,,,,,,
,,,,,,,s114,A,2024-02-19_20h04.52.495,Unsyncopated_study2,2022.2.5,MacIntel,120.4819277,,,,,,,,,,,,,,,,,,,,,,,,,,,,,,,,,,,,,,,,,,,,,,,,,,,,,,,,,,,,,,,,,,,,,,,,,,,,,,,,,,,,,,,,,,,,,,,,,,,,,,,,,,,,,,,,,,,,,,,,,,,,,,,,,,,,,,,,,,,,"[""space""]",0,2,2,2,1,Online_conjL1_syn//a.pu.ki18.666.1554.wav,1554,666,lu,ni,ri,pu,sil,ro,fo,ki,sil1,cho,sil2,[2.538000000000011],,,,,,,,,,,,,,,,,,,,,,,,,,,,,,,,,,,,,,,,,,,,,,,,,,,,,,,,,,
,,,,,,,s114,A,2024-02-19_20h04.52.495,Unsyncopated_study2,2022.2.5,MacIntel,120.4819277,,,,,,,,,,,,,,,,,,,,,,,,,,,,,,,,,,,,,,,,,,,,,,,,,,,,,,,,,,,,,,,,,,,,,,,,,,,,,,,,,,,,,,,,,,,,,,,,,,,,,,,,,,,,,,,,,,,,,,,,,,,,,,,,,,,,,,,,,,,,,0,3,3,1,1,Online_conjL1_syn//a.pu.ki17.none.none.wav,none,none,lu,fa,zu,ta,sil,la,ze,be,sil1,cho,sil2,,,,,,,,,,,,,,,,,,,,,,,,,,,,,,,,,,,,,,,,,,,,,,,,,,,,,,,,,,,
,,,,,,,s114,A,2024-02-19_20h04.52.495,Unsyncopated_study2,2022.2.5,MacIntel,120.4819277,,,,,,,,,,,,,,,,,,,,,,,,,,,,,,,,,,,,,,,,,,,,,,,,,,,,,,,,,,,,,,,,,,,,,,,,,,,,,,,,,,,,,,,,,,,,,,,,,,,,,,,,,,,,,,,,,,,,,,,,,,,,,,,,,,,,,,,,,,,,,,,,,,,,,,,,,,,,,,,,,0,21,21,9,1,ki,pu,16:20,blue,,,,,,,,,,,,,,,,,,,,,,,,,,,,,,,,,,,,,,,,,,,,,,,,,
,,,,,,,s114,A,2024-02-19_20h04.52.495,Unsyncopated_study2,2022.2.5,MacIntel,120.4819277,,,,,,,,,,,,,,,,,,,,,,,,,,,,,,,,,,,,,,,,,,,,,,,,,,,,,,,,,,,,,,,,,,,,,,,,,,,,,,,,,,,,,,,,,,,,,,,,,,,,,,,,,,,,,,,,,,,,,,,,,,,,,,,,,,,,,,,,,,,,,0,0,0,2,1,Online_conjL1_syn//a.pu.ki6.none.none.wav,none,none,ne,ni,la,ta,sil,zu,cho,be,sil1,ze,sil2,,,,,,,,,,,,,,,,,,,,,,,,,,,,,,,,,,,,,,,,,,,,,,,,,,,,,,,,,,,
,,,,,,,s114,A,2024-02-19_20h04.52.495,Unsyncopated_study2,2022.2.5,MacIntel,120.4819277,,,,,,,,,,,,,,,,,,,,,,,,,,,,,,,,,,,,,,,,,,,,,,,,,,,,,,,,,,,,,,,,,,,,,,,,,,,,,,,,,,,,,,,,,,,,,,,,,,,,,,,,,,,,,,,,,,,,,,,,,,,,,,,,,,,,,,,,,,,,"[""space""]",0,1,1,1,1,Online_conjL1_syn//a.pu.ki5.0.666.wav,666,0,pu,ne,ro,ki,sil,cho,ri,fa,sil1,lu,sil2,[1.3368000000007214],,,,,,,,,,,,,,,,,,,,,,,,,,,,,,,,,,,,,,,,,,,,,,,,,,,,,,,,,,
,,,,,,,s114,A,2024-02-19_20h04.52.495,Unsyncopated_study2,2022.2.5,MacIntel,120.4819277,,,,,,,,,,,,,,,,,,,,,,,,,,,,,,,,,,,,,,,,,,,,,,,,,,,,,,,,,,,,,,,,,,,,,,,,,,,,,,,,,,,,,,,,,,,,,,,,,,,,,,,,,,,,,,,,,,,,,,,,,,,,,,,,,,,,,,,,,,,,,0,2,2,0,1,Online_conjL1_syn//a.pu.ki4.none.none.wav,none,none,ta,ze,ri,be,sil,zu,fo,ne,sil1,lu,sil2,,,,,,,,,,,,,,,,,,,,,,,,,,,,,,,,,,,,,,,,,,,,,,,,,,,,,,,,,,,
,,,,,,,s114,A,2024-02-19_20h04.52.495,Unsyncopated_study2,2022.2.5,MacIntel,120.4819277,,,,,,,,,,,,,,,,,,,,,,,,,,,,,,,,,,,,,,,,,,,,,,,,,,,,,,,,,,,,,,,,,,,,,,,,,,,,,,,,,,,,,,,,,,,,,,,,,,,,,,,,,,,,,,,,,,,,,,,,,,,,,,,,,,,,,,,,,,,,"[""space""]",0,3,3,3,1,Online_conjL1_syn//a.pu.ki7.0.666.wav,666,0,pu,ri,zu,ki,sil,ne,ze,cho,sil1,la,sil2,[1.4288000000008196],,,,,,,,,,,,,,,,,,,,,,,,,,,,,,,,,,,,,,,,,,,,,,,,,,,,,,,,,,
,,,,,,,s114,A,2024-02-19_20h04.52.495,Unsyncopated_study2,2022.2.5,MacIntel,120.4819277,,,,,,,,,,,,,,,,,,,,,,,,,,,,,,,,,,,,,,,,,,,,,,,,,,,,,,,,,,,,,,,,,,,,,,,,,,,,,,,,,,,,,,,,,,,,,,,,,,,,,,,,,,,,,,,,,,,,,,,,,,,,,,,,,,,,,,,,,,,,,,,,,,,,,,,,,,,,,,,,,0,22,22,11,1,ki,pu,4:8,blue,,,,,,,,,,,,,,,,,,,,,,,,,,,,,,,,,,,,,,,,,,,,,,,,,
,,,,,,,s114,A,2024-02-19_20h04.52.495,Unsyncopated_study2,2022.2.5,MacIntel,120.4819277,,,,,,,,,,,,,,,,,,,,,,,,,,,,,,,,,,,,,,,,,,,,,,,,,,,,,,,,,,,,,,,,,,,,,,,,,,,,,,,,,,,,,,,,,,,,,,,,,,,,,,,,,,,,,,,,,,,,,,,,,,,,,,,,,,,,,,,,,,,,,0,0,0,2,1,Online_conjL1_syn//a.pu.ki30.none.none.wav,none,none,ta,fa,ro,be,sil,ni,zu,la,sil1,ze,sil2,,,,,,,,,,,,,,,,,,,,,,,,,,,,,,,,,,,,,,,,,,,,,,,,,,,,,,,,,,,
,,,,,,,s114,A,2024-02-19_20h04.52.495,Unsyncopated_study2,2022.2.5,MacIntel,120.4819277,,,,,,,,,,,,,,,,,,,,,,,,,,,,,,,,,,,,,,,,,,,,,,,,,,,,,,,,,,,,,,,,,,,,,,,,,,,,,,,,,,,,,,,,,,,,,,,,,,,,,,,,,,,,,,,,,,,,,,,,,,,,,,,,,,,,,,,,,,,,"[""space""]",0,1,1,1,1,Online_conjL1_syn//a.pu.ki29.666.1554.wav,1554,666,ze,ne,ro,pu,sil,lu,la,ki,sil1,fo,sil2,[2.2616000000016356],,,,,,,,,,,,,,,,,,,,,,,,,,,,,,,,,,,,,,,,,,,,,,,,,,,,,,,,,,
,,,,,,,s114,A,2024-02-19_20h04.52.495,Unsyncopated_study2,2022.2.5,MacIntel,120.4819277,,,,,,,,,,,,,,,,,,,,,,,,,,,,,,,,,,,,,,,,,,,,,,,,,,,,,,,,,,,,,,,,,,,,,,,,,,,,,,,,,,,,,,,,,,,,,,,,,,,,,,,,,,,,,,,,,,,,,,,,,,,,,,,,,,,,,,,,,,,,,0,2,2,0,1,Online_conjL1_syn//a.pu.ki28.666.1554.wav,1554,666,cho,ro,fo,pu,sil,ze,ni,ki,sil1,zu,sil2,,,,,,,,,,,,,,,,,,,,,,,,,,,,,,,,,,,,,,,,,,,,,,,,,,,,,,,,,,,
,,,,,,,s114,A,2024-02-19_20h04.52.495,Unsyncopated_study2,2022.2.5,MacIntel,120.4819277,,,,,,,,,,,,,,,,,,,,,,,,,,,,,,,,,,,,,,,,,,,,,,,,,,,,,,,,,,,,,,,,,,,,,,,,,,,,,,,,,,,,,,,,,,,,,,,,,,,,,,,,,,,,,,,,,,,,,,,,,,,,,,,,,,,,,,,,,,,,,0,3,3,3,1,Online_conjL1_syn//a.pu.ki31.none.none.wav,none,none,lu,fo,fa,ta,sil,ro,ni,be,sil1,la,sil2,,,,,,,,,,,,,,,,,,,,,,,,,,,,,,,,,,,,,,,,,,,,,,,,,,,,,,,,,,,
,,,,,,,s114,A,2024-02-19_20h04.52.495,Unsyncopated_study2,2022.2.5,MacIntel,120.4819277,,,,,,,,,,,,,,,,,,,,,,,,,,,,,,,,,,,,,,,,,,,,,,,,,,,,,,,,,,,,,,,,,,,,,,,,,,,,,,,,,,,,,,,,,,,,,,,,,,,,,,,,,,,,,,,,,,,,,,,,,,,,,,,,,,,,,,,,,,,,,,,,,,,,,,,,,,,,,,,,,0,23,23,31,1,ki,pu,28:32,blue,,,,,,,,,,,,,,,,,,,,,,,,,,,,,,,,,,,,,,,,,,,,,,,,,
,,,,,,,s114,A,2024-02-19_20h04.52.495,Unsyncopated_study2,2022.2.5,MacIntel,120.4819277,,,,,,,,,,,,,,,,,,,,,,,,,,,,,,,,,,,,,,,,,,,,,,,,,,,,,,,,,,,,,,,,,,,,,,,,,,,,,,,,,,,,,,,,,,,,,,,,,,,,,,,,,,,,,,,,,,,,,,,,,,,,,,,,,,,,,,,,,,,,,0,0,0,3,1,Online_conjL1_syn//c.ro.fo11.none.none.wav,none,none,ze,zu,ni,pu,sil,la,cho,ki,sil1,ne,sil2,,,,,,,,,,,,,,,,,,,,,,,,,,,,,,,,,,,,,,,,,,,,,,,,,,,,,,,,,,,
,,,,,,,s114,A,2024-02-19_20h04.52.495,Unsyncopated_study2,2022.2.5,MacIntel,120.4819277,,,,,,,,,,,,,,,,,,,,,,,,,,,,,,,,,,,,,,,,,,,,,,,,,,,,,,,,,,,,,,,,,,,,,,,,,,,,,,,,,,,,,,,,,,,,,,,,,,,,,,,,,,,,,,,,,,,,,,,,,,,,,,,,,,,,,,,,,,,,"[""space""]",0,1,1,2,1,Online_conjL1_syn//c.ro.fo10.222.444.wav,222,444,zu,ro,fo,ta,sil,ni,cho,be,sil1,ze,sil2,[0.8801999999993768],,,,,,,,,,,,,,,,,,,,,,,,,,,,,,,,,,,,,,,,,,,,,,,,,,,,,,,,,,
,,,,,,,s114,A,2024-02-19_20h04.52.495,Unsyncopated_study2,2022.2.5,MacIntel,120.4819277,,,,,,,,,,,,,,,,,,,,,,,,,,,,,,,,,,,,,,,,,,,,,,,,,,,,,,,,,,,,,,,,,,,,,,,,,,,,,,,,,,,,,,,,,,,,,,,,,,,,,,,,,,,,,,,,,,,,,,,,,,,,,,,,,,,,,,,,,,,,"[""space""]",0,2,2,0,1,Online_conjL1_syn//c.ro.fo8.444.1332.wav,444,1332,ta,lu,ro,be,sil,ni,fo,zu,sil1,fa,sil2,[1.4038999999984298],,,,,,,,,,,,,,,,,,,,,,,,,,,,,,,,,,,,,,,,,,,,,,,,,,,,,,,,,,
,,,,,,,s114,A,2024-02-19_20h04.52.495,Unsyncopated_study2,2022.2.5,MacIntel,120.4819277,,,,,,,,,,,,,,,,,,,,,,,,,,,,,,,,,,,,,,,,,,,,,,,,,,,,,,,,,,,,,,,,,,,,,,,,,,,,,,,,,,,,,,,,,,,,,,,,,,,,,,,,,,,,,,,,,,,,,,,,,,,,,,,,,,,,,,,,,,,,"[""space""]",0,3,3,1,1,Online_conjL1_syn//c.ro.fo9.1554.1110.wav,1554,1110,pu,ni,lu,ki,sil,fo,fa,ro,sil1,ne,sil2,[2.3103000000007796],,,,,,,,,,,,,,,,,,,,,,,,,,,,,,,,,,,,,,,,,,,,,,,,,,,,,,,,,,
,,,,,,,s114,A,2024-02-19_20h04.52.495,Unsyncopated_study2,2022.2.5,MacIntel,120.4819277,,,,,,,,,,,,,,,,,,,,,,,,,,,,,,,,,,,,,,,,,,,,,,,,,,,,,,,,,,,,,,,,,,,,,,,,,,,,,,,,,,,,,,,,,,,,,,,,,,,,,,,,,,,,,,,,,,,,,,,,,,,,,,,,,,,,,,,,,,,,,,,,,,,,,,,,,,,,,,,,,0,24,24,29,1,ro,fo,72:76,orange,,,,,,,,,,,,,,,,,,,,,,,,,,,,,,,,,,,,,,,,,,,,,,,,,
,,,,,,,s114,A,2024-02-19_20h04.52.495,Unsyncopated_study2,2022.2.5,MacIntel,120.4819277,,,,,,,,,,,,,,,,,,,,,,,,,,,,,,,,,,,,,,,,,,,,,,,,,,,,,,,,,,,,,,,,,,,,,,,,,,,,,,,,,,,,,,,,,,,,,,,,,,,,,,,,,,,,,,,,,,,,,,,,,,,,,,,,,,,,,,,,,,,,,0,0,0,1,1,Online_conjL1_syn//d.ne.ni29.0.444.wav,0,444,ne,fa,ni,ta,sil,ri,zu,be,sil1,lu,sil2,,,,,,,,,,,,,,,,,,,,,,,,,,,,,,,,,,,,,,,,,,,,,,,,,,,,,,,,,,,
,,,,,,,s114,A,2024-02-19_20h04.52.495,Unsyncopated_study2,2022.2.5,MacIntel,120.4819277,,,,,,,,,,,,,,,,,,,,,,,,,,,,,,,,,,,,,,,,,,,,,,,,,,,,,,,,,,,,,,,,,,,,,,,,,,,,,,,,,,,,,,,,,,,,,,,,,,,,,,,,,,,,,,,,,,,,,,,,,,,,,,,,,,,,,,,,,,,,,0,1,1,0,1,Online_conjL1_syn//d.ne.ni28.none.none.wav,none,none,ta,lu,zu,be,sil,fa,la,ro,sil1,ri,sil2,,,,,,,,,,,,,,,,,,,,,,,,,,,,,,,,,,,,,,,,,,,,,,,,,,,,,,,,,,,
,,,,,,,s114,A,2024-02-19_20h04.52.495,Unsyncopated_study2,2022.2.5,MacIntel,120.4819277,,,,,,,,,,,,,,,,,,,,,,,,,,,,,,,,,,,,,,,,,,,,,,,,,,,,,,,,,,,,,,,,,,,,,,,,,,,,,,,,,,,,,,,,,,,,,,,,,,,,,,,,,,,,,,,,,,,,,,,,,,,,,,,,,,,,,,,,,,,,,0,2,2,2,1,Online_conjL1_syn//d.ne.ni30.222.1110.wav,222,1110,fa,ne,lu,ta,sil,ni,ri,be,sil1,ze,sil2,,,,,,,,,,,,,,,,,,,,,,,,,,,,,,,,,,,,,,,,,,,,,,,,,,,,,,,,,,,
,,,,,,,s114,A,2024-02-19_20h04.52.495,Unsyncopated_study2,2022.2.5,MacIntel,120.4819277,,,,,,,,,,,,,,,,,,,,,,,,,,,,,,,,,,,,,,,,,,,,,,,,,,,,,,,,,,,,,,,,,,,,,,,,,,,,,,,,,,,,,,,,,,,,,,,,,,,,,,,,,,,,,,,,,,,,,,,,,,,,,,,,,,,,,,,,,,,,,0,3,3,3,1,Online_conjL1_syn//d.ne.ni31.0.1110.wav,0,1110,ne,zu,fa,pu,sil,ni,lu,ki,sil1,ro,sil2,,,,,,,,,,,,,,,,,,,,,,,,,,,,,,,,,,,,,,,,,,,,,,,,,,,,,,,,,,,
,,,,,,,s114,A,2024-02-19_20h04.52.495,Unsyncopated_study2,2022.2.5,MacIntel,120.4819277,,,,,,,,,,,,,,,,,,,,,,,,,,,,,,,,,,,,,,,,,,,,,,,,,,,,,,,,,,,,,,,,,,,,,,,,,,,,,,,,,,,,,,,,,,,,,,,,,,,,,,,,,,,,,,,,,,,,,,,,,,,,,,,,,,,,,,,,,,,,,,,,,,,,,,,,,,,,,,,,,0,25,25,23,1,ne,ni,124:128,red,,,,,,,,,,,,,,,,,,,,,,,,,,,,,,,,,,,,,,,,,,,,,,,,,
,,,,,,,s114,A,2024-02-19_20h04.52.495,Unsyncopated_study2,2022.2.5,MacIntel,120.4819277,,,,,,,,,,,,,,,,,,,,,,,,,,,,,,,,,,,,,,,,,,,,,,,,,,,,,,,,,,,,,,,,,,,,,,,,,,,,,,,,,,,,,,,,,,,,,,,,,,,,,,,,,,,,,,,,,,,,,,,,,,,,,,,,,,,,,,,,,,,,,0,0,0,2,1,Online_conjL1_syn//c.ro.fo14.none.none.wav,none,none,fa,zu,ri,ta,sil,la,ni,be,sil1,ne,sil2,,,,,,,,,,,,,,,,,,,,,,,,,,,,,,,,,,,,,,,,,,,,,,,,,,,,,,,,,,,
,,,,,,,s114,A,2024-02-19_20h04.52.495,Unsyncopated_study2,2022.2.5,MacIntel,120.4819277,,,,,,,,,,,,,,,,,,,,,,,,,,,,,,,,,,,,,,,,,,,,,,,,,,,,,,,,,,,,,,,,,,,,,,,,,,,,,,,,,,,,,,,,,,,,,,,,,,,,,,,,,,,,,,,,,,,,,,,,,,,,,,,,,,,,,,,,,,,,,0,1,1,3,1,Online_conjL1_syn//c.ro.fo15.none.none.wav,none,none,pu,ri,ze,ki,sil,lu,ne,la,sil1,cho,sil2,,,,,,,,,,,,,,,,,,,,,,,,,,,,,,,,,,,,,,,,,,,,,,,,,,,,,,,,,,,
,,,,,,,s114,A,2024-02-19_20h04.52.495,Unsyncopated_study2,2022.2.5,MacIntel,120.4819277,,,,,,,,,,,,,,,,,,,,,,,,,,,,,,,,,,,,,,,,,,,,,,,,,,,,,,,,,,,,,,,,,,,,,,,,,,,,,,,,,,,,,,,,,,,,,,,,,,,,,,,,,,,,,,,,,,,,,,,,,,,,,,,,,,,,,,,,,,,,"[""space""]",0,2,2,1,1,Online_conjL1_syn//c.ro.fo13.1554.222.wav,1554,222,pu,fo,fa,ki,sil,ni,cho,ro,sil1,ze,sil2,[2.3432000000029802],,,,,,,,,,,,,,,,,,,,,,,,,,,,,,,,,,,,,,,,,,,,,,,,,,,,,,,,,,
,,,,,,,s114,A,2024-02-19_20h04.52.495,Unsyncopated_study2,2022.2.5,MacIntel,120.4819277,,,,,,,,,,,,,,,,,,,,,,,,,,,,,,,,,,,,,,,,,,,,,,,,,,,,,,,,,,,,,,,,,,,,,,,,,,,,,,,,,,,,,,,,,,,,,,,,,,,,,,,,,,,,,,,,,,,,,,,,,,,,,,,,,,,,,,,,,,,,"[""space""]",0,3,3,0,1,Online_conjL1_syn//c.ro.fo12.1332.444.wav,1332,444,fa,zu,fo,ta,sil,cho,ro,be,sil1,ne,sil2,[2.2637000000029275],,,,,,,,,,,,,,,,,,,,,,,,,,,,,,,,,,,,,,,,,,,,,,,,,,,,,,,,,,
,,,,,,,s114,A,2024-02-19_20h04.52.495,Unsyncopated_study2,2022.2.5,MacIntel,120.4819277,,,,,,,,,,,,,,,,,,,,,,,,,,,,,,,,,,,,,,,,,,,,,,,,,,,,,,,,,,,,,,,,,,,,,,,,,,,,,,,,,,,,,,,,,,,,,,,,,,,,,,,,,,,,,,,,,,,,,,,,,,,,,,,,,,,,,,,,,,,,,,,,,,,,,,,,,,,,,,,,,0,26,26,26,1,ro,fo,76:80,orange,,,,,,,,,,,,,,,,,,,,,,,,,,,,,,,,,,,,,,,,,,,,,,,,,
,,,,,,,s114,A,2024-02-19_20h04.52.495,Unsyncopated_study2,2022.2.5,MacIntel,120.4819277,,,,,,,,,,,,,,,,,,,,,,,,,,,,,,,,,,,,,,,,,,,,,,,,,,,,,,,,,,,,,,,,,,,,,,,,,,,,,,,,,,,,,,,,,,,,,,,,,,,,,,,,,,,,,,,,,,,,,,,,,,,,,,,,,,,,,,,,,,,,"[""space""]",0,0,0,3,1,Online_conjL1_syn//a.pu.ki27.0.666.wav,666,0,pu,ze,lu,ki,sil,cho,fa,fo,sil1,ni,sil2,[1.5626999999992677],,,,,,,,,,,,,,,,,,,,,,,,,,,,,,,,,,,,,,,,,,,,,,,,,,,,,,,,,,
,,,,,,,s114,A,2024-02-19_20h04.52.495,Unsyncopated_study2,2022.2.5,MacIntel,120.4819277,,,,,,,,,,,,,,,,,,,,,,,,,,,,,,,,,,,,,,,,,,,,,,,,,,,,,,,,,,,,,,,,,,,,,,,,,,,,,,,,,,,,,,,,,,,,,,,,,,,,,,,,,,,,,,,,,,,,,,,,,,,,,,,,,,,,,,,,,,,,,0,1,1,0,1,Online_conjL1_syn//a.pu.ki24.none.none.wav,none,none,ta,ne,la,be,sil,ri,fa,ze,sil1,zu,sil2,,,,,,,,,,,,,,,,,,,,,,,,,,,,,,,,,,,,,,,,,,,,,,,,,,,,,,,,,,,
,,,,,,,s114,A,2024-02-19_20h04.52.495,Unsyncopated_study2,2022.2.5,MacIntel,120.4819277,,,,,,,,,,,,,,,,,,,,,,,,,,,,,,,,,,,,,,,,,,,,,,,,,,,,,,,,,,,,,,,,,,,,,,,,,,,,,,,,,,,,,,,,,,,,,,,,,,,,,,,,,,,,,,,,,,,,,,,,,,,,,,,,,,,,,,,,,,,,"[""space""]",0,2,2,1,1,Online_conjL1_syn//a.pu.ki25.666.1554.wav,1554,666,cho,la,ro,pu,sil,ze,ne,ki,sil1,ri,sil2,[2.2513999999985117],,,,,,,,,,,,,,,,,,,,,,,,,,,,,,,,,,,,,,,,,,,,,,,,,,,,,,,,,,
,,,,,,,s114,A,2024-02-19_20h04.52.495,Unsyncopated_study2,2022.2.5,MacIntel,120.4819277,,,,,,,,,,,,,,,,,,,,,,,,,,,,,,,,,,,,,,,,,,,,,,,,,,,,,,,,,,,,,,,,,,,,,,,,,,,,,,,,,,,,,,,,,,,,,,,,,,,,,,,,,,,,,,,,,,,,,,,,,,,,,,,,,,,,,,,,,,,,,0,3,3,2,1,Online_conjL1_syn//a.pu.ki26.none.none.wav,none,none,ta,zu,lu,be,sil,ro,la,ri,sil1,fa,sil2,,,,,,,,,,,,,,,,,,,,,,,,,,,,,,,,,,,,,,,,,,,,,,,,,,,,,,,,,,,
,,,,,,,s114,A,2024-02-19_20h04.52.495,Unsyncopated_study2,2022.2.5,MacIntel,120.4819277,,,,,,,,,,,,,,,,,,,,,,,,,,,,,,,,,,,,,,,,,,,,,,,,,,,,,,,,,,,,,,,,,,,,,,,,,,,,,,,,,,,,,,,,,,,,,,,,,,,,,,,,,,,,,,,,,,,,,,,,,,,,,,,,,,,,,,,,,,,,,,,,,,,,,,,,,,,,,,,,,0,27,27,30,1,ki,pu,24:28,blue,,,,,,,,,,,,,,,,,,,,,,,,,,,,,,,,,,,,,,,,,,,,,,,,,
,,,,,,,s114,A,2024-02-19_20h04.52.495,Unsyncopated_study2,2022.2.5,MacIntel,120.4819277,,,,,,,,,,,,,,,,,,,,,,,,,,,,,,,,,,,,,,,,,,,,,,,,,,,,,,,,,,,,,,,,,,,,,,,,,,,,,,,,,,,,,,,,,,,,,,,,,,,,,,,,,,,,,,,,,,,,,,,,,,,,,,,,,,,,,,,,,,,,,0,0,0,1,1,Online_conjL1_syn//a.pu.ki21.none.none.wav,none,none,ro,fa,ni,ta,sil,ri,la,be,sil1,lu,sil2,,,,,,,,,,,,,,,,,,,,,,,,,,,,,,,,,,,,,,,,,,,,,,,,,,,,,,,,,,,
,,,,,,,s114,A,2024-02-19_20h04.52.495,Unsyncopated_study2,2022.2.5,MacIntel,120.4819277,,,,,,,,,,,,,,,,,,,,,,,,,,,,,,,,,,,,,,,,,,,,,,,,,,,,,,,,,,,,,,,,,,,,,,,,,,,,,,,,,,,,,,,,,,,,,,,,,,,,,,,,,,,,,,,,,,,,,,,,,,,,,,,,,,,,,,,,,,,,"[""space""]",0,1,1,3,1,Online_conjL1_syn//a.pu.ki23.666.1554.wav,1554,666,ni,la,ro,pu,sil,fo,zu,ki,sil1,ze,sil2,[2.428600000001552],,,,,,,,,,,,,,,,,,,,,,,,,,,,,,,,,,,,,,,,,,,,,,,,,,,,,,,,,,
,,,,,,,s114,A,2024-02-19_20h04.52.495,Unsyncopated_study2,2022.2.5,MacIntel,120.4819277,,,,,,,,,,,,,,,,,,,,,,,,,,,,,,,,,,,,,,,,,,,,,,,,,,,,,,,,,,,,,,,,,,,,,,,,,,,,,,,,,,,,,,,,,,,,,,,,,,,,,,,,,,,,,,,,,,,,,,,,,,,,,,,,,,,,,,,,,,,,,0,2,2,2,1,Online_conjL1_syn//a.pu.ki22.none.none.wav,none,none,fo,ri,ni,ta,sil,lu,la,be,sil1,cho,sil2,,,,,,,,,,,,,,,,,,,,,,,,,,,,,,,,,,,,,,,,,,,,,,,,,,,,,,,,,,,
,,,,,,,s114,A,2024-02-19_20h04.52.495,Unsyncopated_study2,2022.2.5,MacIntel,120.4819277,,,,,,,,,,,,,,,,,,,,,,,,,,,,,,,,,,,,,,,,,,,,,,,,,,,,,,,,,,,,,,,,,,,,,,,,,,,,,,,,,,,,,,,,,,,,,,,,,,,,,,,,,,,,,,,,,,,,,,,,,,,,,,,,,,,,,,,,,,,,"[""space""]",0,3,3,0,1,Online_conjL1_syn//a.pu.ki20.666.1554.wav,1554,666,ro,lu,ni,pu,sil,la,fo,ki,sil1,cho,sil2,[2.484400000002097],,,,,,,,,,,,,,,,,,,,,,,,,,,,,,,,,,,,,,,,,,,,,,,,,,,,,,,,,,
,,,,,,,s114,A,2024-02-19_20h04.52.495,Unsyncopated_study2,2022.2.5,MacIntel,120.4819277,,,,,,,,,,,,,,,,,,,,,,,,,,,,,,,,,,,,,,,,,,,,,,,,,,,,,,,,,,,,,,,,,,,,,,,,,,,,,,,,,,,,,,,,,,,,,,,,,,,,,,,,,,,,,,,,,,,,,,,,,,,,,,,,,,,,,,,,,,,,,,,,,,,,,,,,,,,,,,,,,0,28,28,8,1,ki,pu,20:24,blue,,,,,,,,,,,,,,,,,,,,,,,,,,,,,,,,,,,,,,,,,,,,,,,,,
,,,,,,,s114,A,2024-02-19_20h04.52.495,Unsyncopated_study2,2022.2.5,MacIntel,120.4819277,,,,,,,,,,,,,,,,,,,,,,,,,,,,,,,,,,,,,,,,,,,,,,,,,,,,,,,,,,,,,,,,,,,,,,,,,,,,,,,,,,,,,,,,,,,,,,,,,,,,,,,,,,,,,,,,,,,,,,,,,,,,,,,,,,,,,,,,,,,,,0,0,0,3,1,Online_conjL1_syn//b.ta.be31.0.666.wav,0,666,ta,fo,cho,be,sil,lu,ri,zu,sil1,la,sil2,,,,,,,,,,,,,,,,,,,,,,,,,,,,,,,,,,,,,,,,,,,,,,,,,,,,,,,,,,,
,,,,,,,s114,A,2024-02-19_20h04.52.495,Unsyncopated_study2,2022.2.5,MacIntel,120.4819277,,,,,,,,,,,,,,,,,,,,,,,,,,,,,,,,,,,,,,,,,,,,,,,,,,,,,,,,,,,,,,,,,,,,,,,,,,,,,,,,,,,,,,,,,,,,,,,,,,,,,,,,,,,,,,,,,,,,,,,,,,,,,,,,,,,,,,,,,,,,,0,1,1,2,1,Online_conjL1_syn//b.ta.be30.none.none.wav,none,none,la,fo,fa,pu,sil,ro,ri,ki,sil1,ze,sil2,,,,,,,,,,,,,,,,,,,,,,,,,,,,,,,,,,,,,,,,,,,,,,,,,,,,,,,,,,,
,,,,,,,s114,A,2024-02-19_20h04.52.495,Unsyncopated_study2,2022.2.5,MacIntel,120.4819277,,,,,,,,,,,,,,,,,,,,,,,,,,,,,,,,,,,,,,,,,,,,,,,,,,,,,,,,,,,,,,,,,,,,,,,,,,,,,,,,,,,,,,,,,,,,,,,,,,,,,,,,,,,,,,,,,,,,,,,,,,,,,,,,,,,,,,,,,,,,"[""space""]",0,2,2,0,1,Online_conjL1_syn//b.ta.be28.0.666.wav,0,666,ta,fa,la,be,sil,zu,fo,ze,sil1,ro,sil2,[0.6581000000014683],,,,,,,,,,,,,,,,,,,,,,,,,,,,,,,,,,,,,,,,,,,,,,,,,,,,,,,,,,
,,,,,,,s114,A,2024-02-19_20h04.52.495,Unsyncopated_study2,2022.2.5,MacIntel,120.4819277,,,,,,,,,,,,,,,,,,,,,,,,,,,,,,,,,,,,,,,,,,,,,,,,,,,,,,,,,,,,,,,,,,,,,,,,,,,,,,,,,,,,,,,,,,,,,,,,,,,,,,,,,,,,,,,,,,,,,,,,,,,,,,,,,,,,,,,,,,,,,0,3,3,1,1,Online_conjL1_syn//b.ta.be29.none.none.wav,none,none,pu,ro,fa,ki,sil,zu,ni,la,sil1,ze,sil2,,,,,,,,,,,,,,,,,,,,,,,,,,,,,,,,,,,,,,,,,,,,,,,,,,,,,,,,,,,
,,,,,,,s114,A,2024-02-19_20h04.52.495,Unsyncopated_study2,2022.2.5,MacIntel,120.4819277,,,,,,,,,,,,,,,,,,,,,,,,,,,,,,,,,,,,,,,,,,,,,,,,,,,,,,,,,,,,,,,,,,,,,,,,,,,,,,,,,,,,,,,,,,,,,,,,,,,,,,,,,,,,,,,,,,,,,,,,,,,,,,,,,,,,,,,,,,,,,,,,,,,,,,,,,,,,,,,,,0,29,29,16,1,ta,be,60:64,green,,,,,,,,,,,,,,,,,,,,,,,,,,,,,,,,,,,,,,,,,,,,,,,,,
,,,,,,,s114,A,2024-02-19_20h04.52.495,Unsyncopated_study2,2022.2.5,MacIntel,120.4819277,,,,,,,,,,,,,,,,,,,,,,,,,,,,,,,,,,,,,,,,,,,,,,,,,,,,,,,,,,,,,,,,,,,,,,,,,,,,,,,,,,,,,,,,,,,,,,,,,,,,,,,,,,,,,,,,,,,,,,,,,,,,,,,,,,,,,,,,,,,,,0,0,0,2,1,Online_conjL1_syn//d.ne.ni18.none.none.wav,none,none,lu,ri,cho,ta,sil,ze,ro,be,sil1,fo,sil2,,,,,,,,,,,,,,,,,,,,,,,,,,,,,,,,,,,,,,,,,,,,,,,,,,,,,,,,,,,
,,,,,,,s114,A,2024-02-19_20h04.52.495,Unsyncopated_study2,2022.2.5,MacIntel,120.4819277,,,,,,,,,,,,,,,,,,,,,,,,,,,,,,,,,,,,,,,,,,,,,,,,,,,,,,,,,,,,,,,,,,,,,,,,,,,,,,,,,,,,,,,,,,,,,,,,,,,,,,,,,,,,,,,,,,,,,,,,,,,,,,,,,,,,,,,,,,,,,0,1,1,3,1,Online_conjL1_syn//d.ne.ni19.none.none.wav,none,none,la,ro,cho,pu,sil,ri,zu,ki,sil1,fo,sil2,,,,,,,,,,,,,,,,,,,,,,,,,,,,,,,,,,,,,,,,,,,,,,,,,,,,,,,,,,,
,,,,,,,s114,A,2024-02-19_20h04.52.495,Unsyncopated_study2,2022.2.5,MacIntel,120.4819277,,,,,,,,,,,,,,,,,,,,,,,,,,,,,,,,,,,,,,,,,,,,,,,,,,,,,,,,,,,,,,,,,,,,,,,,,,,,,,,,,,,,,,,,,,,,,,,,,,,,,,,,,,,,,,,,,,,,,,,,,,,,,,,,,,,,,,,,,,,,,0,2,2,1,1,Online_conjL1_syn//d.ne.ni17.none.none.wav,none,none,ze,lu,ri,ta,sil,fo,cho,be,sil1,fa,sil2,,,,,,,,,,,,,,,,,,,,,,,,,,,,,,,,,,,,,,,,,,,,,,,,,,,,,,,,,,,
,,,,,,,s114,A,2024-02-19_20h04.52.495,Unsyncopated_study2,2022.2.5,MacIntel,120.4819277,,,,,,,,,,,,,,,,,,,,,,,,,,,,,,,,,,,,,,,,,,,,,,,,,,,,,,,,,,,,,,,,,,,,,,,,,,,,,,,,,,,,,,,,,,,,,,,,,,,,,,,,,,,,,,,,,,,,,,,,,,,,,,,,,,,,,,,,,,,,,0,3,3,0,1,Online_conjL1_syn//d.ne.ni16.1332.222.wav,1332,222,ta,ni,lu,be,sil,ri,ne,fo,sil1,ze,sil2,,,,,,,,,,,,,,,,,,,,,,,,,,,,,,,,,,,,,,,,,,,,,,,,,,,,,,,,,,,
,,,,,,,s114,A,2024-02-19_20h04.52.495,Unsyncopated_study2,2022.2.5,MacIntel,120.4819277,,,,,,,,,,,,,,,,,,,,,,,,,,,,,,,,,,,,,,,,,,,,,,,,,,,,,,,,,,,,,,,,,,,,,,,,,,,,,,,,,,,,,,,,,,,,,,,,,,,,,,,,,,,,,,,,,,,,,,,,,,,,,,,,,,,,,,,,,,,,,,,,,,,,,,,,,,,,,,,,,0,30,30,7,1,ne,ni,112:116,red,,,,,,,,,,,,,,,,,,,,,,,,,,,,,,,,,,,,,,,,,,,,,,,,,
,,,,,,,s114,A,2024-02-19_20h04.52.495,Unsyncopated_study2,2022.2.5,MacIntel,120.4819277,,,,,,,,,,,,,,,,,,,,,,,,,,,,,,,,,,,,,,,,,,,,,,,,,,,,,,,,,,,,,,,,,,,,,,,,,,,,,,,,,,,,,,,,,,,,,,,,,,,,,,,,,,,,,,,,,,,,,,,,,,,,,,,,,,,,,,,,,,,,,0,0,0,2,1,Online_conjL1_syn//c.ro.fo2.none.none.wav,none,none,ta,ze,ni,be,sil,zu,cho,lu,sil1,la,sil2,,,,,,,,,,,,,,,,,,,,,,,,,,,,,,,,,,,,,,,,,,,,,,,,,,,,,,,,,,,
,,,,,,,s114,A,2024-02-19_20h04.52.495,Unsyncopated_study2,2022.2.5,MacIntel,120.4819277,,,,,,,,,,,,,,,,,,,,,,,,,,,,,,,,,,,,,,,,,,,,,,,,,,,,,,,,,,,,,,,,,,,,,,,,,,,,,,,,,,,,,,,,,,,,,,,,,,,,,,,,,,,,,,,,,,,,,,,,,,,,,,,,,,,,,,,,,,,,,0,1,1,1,1,Online_conjL1_syn//c.ro.fo1.none.none.wav,none,none,ta,ni,lu,be,sil,zu,ze,fa,sil1,la,sil2,,,,,,,,,,,,,,,,,,,,,,,,,,,,,,,,,,,,,,,,,,,,,,,,,,,,,,,,,,,
,,,,,,,s114,A,2024-02-19_20h04.52.495,Unsyncopated_study2,2022.2.5,MacIntel,120.4819277,,,,,,,,,,,,,,,,,,,,,,,,,,,,,,,,,,,,,,,,,,,,,,,,,,,,,,,,,,,,,,,,,,,,,,,,,,,,,,,,,,,,,,,,,,,,,,,,,,,,,,,,,,,,,,,,,,,,,,,,,,,,,,,,,,,,,,,,,,,,"[""space""]",0,2,2,0,1,Online_conjL1_syn//c.ro.fo0.444.1110.wav,444,1110,fa,la,ro,pu,sil,fo,lu,ki,sil1,ze,sil2,[1.273899999998548],,,,,,,,,,,,,,,,,,,,,,,,,,,,,,,,,,,,,,,,,,,,,,,,,,,,,,,,,,
,,,,,,,s114,A,2024-02-19_20h04.52.495,Unsyncopated_study2,2022.2.5,MacIntel,120.4819277,,,,,,,,,,,,,,,,,,,,,,,,,,,,,,,,,,,,,,,,,,,,,,,,,,,,,,,,,,,,,,,,,,,,,,,,,,,,,,,,,,,,,,,,,,,,,,,,,,,,,,,,,,,,,,,,,,,,,,,,,,,,,,,,,,,,,,,,,,,,,0,3,3,3,1,Online_conjL1_syn//c.ro.fo3.none.none.wav,none,none,lu,ni,ze,pu,sil,ne,ri,ki,sil1,cho,sil2,,,,,,,,,,,,,,,,,,,,,,,,,,,,,,,,,,,,,,,,,,,,,,,,,,,,,,,,,,,
,,,,,,,s114,A,2024-02-19_20h04.52.495,Unsyncopated_study2,2022.2.5,MacIntel,120.4819277,,,,,,,,,,,,,,,,,,,,,,,,,,,,,,,,,,,,,,,,,,,,,,,,,,,,,,,,,,,,,,,,,,,,,,,,,,,,,,,,,,,,,,,,,,,,,,,,,,,,,,,,,,,,,,,,,,,,,,,,,,,,,,,,,,,,,,,,,,,,,,,,,,,,,,,,,,,,,,,,,0,31,31,1,1,ro,fo,64:68,orange,,,,,,,,,,,,,,,,,,,,,,,,,,,,,,,,,,,,,,,,,,,,,,,,,
,,,,,,,s114,A,2024-02-19_20h04.52.495,Unsyncopated_study2,2022.2.5,MacIntel,120.4819277,,,,,,,,,,,,,,,,,,,,,,,,,,,,,,,,,,,,,,,,,,,,,,,,,,,,,,,,,,,,,,,,,,,,,,,,,,,,,,,,,,,,,,,,,,,,,,,,,,,,,,,,,,,,,,,,,,,,,,,,,,,,,,,,,,,,,,,,,,,,,,,,,,,,,cho,ri,fo,pu,sil,zu,ze,ne,sil1,ro,sil2,,,,,,,,,,,space,12.3707,space,34.8222,z,1.3598,6,2.0451,0,0,0,5,1,testConjL1Syn//dep_viol.r1.s2.0.wav,,,,,,,,,,,,,,,,,,,,,,,,,,,,,,,,,,,
,,,,,,,s114,A,2024-02-19_20h04.52.495,Unsyncopated_study2,2022.2.5,MacIntel,120.4819277,,,,,,,,,,,,,,,,,,,,,,,,,,,,,,,,,,,,,,,,,,,,,,,,,,,,,,,,,,,,,,,,,,,,,,,,,,,,,,,,,,,,,,,,,,,,,,,,,,,,,,,,,,,,,,,,,,,,,,,,,,,,,,,,,,,,,,,,,,,,,,,,,,,,,la,pu,ze,zu,sil,ki,ri,ne,sil1,ro,sil2,,,,,,,,,,,,,,,z,1.8456,5,2.1858,0,1,1,20,1,testConjL1Syn//time_viol.r1.s1.0.wav,,,,,,,,,,,,,,,,,,,,,,,,,,,,,,,,,,,
,,,,,,,s114,A,2024-02-19_20h04.52.495,Unsyncopated_study2,2022.2.5,MacIntel,120.4819277,,,,,,,,,,,,,,,,,,,,,,,,,,,,,,,,,,,,,,,,,,,,,,,,,,,,,,,,,,,,,,,,,,,,,,,,,,,,,,,,,,,,,,,,,,,,,,,,,,,,,,,,,,,,,,,,,,,,,,,,,,,,,,,,,,,,,,,,,,,,,,,,,,,,,lu,fo,la,ki,sil,zu,ri,pu,sil1,ni,sil2,,,,,,,,,,,,,,,m,2.3047,4,1.6011,0,2,2,1,1,testConjL1Syn//cat_viol.r1.s2.0.wav,,,,,,,,,,,,,,,,,,,,,,,,,,,,,,,,,,,
,,,,,,,s114,A,2024-02-19_20h04.52.495,Unsyncopated_study2,2022.2.5,MacIntel,120.4819277,,,,,,,,,,,,,,,,,,,,,,,,,,,,,,,,,,,,,,,,,,,,,,,,,,,,,,,,,,,,,,,,,,,,,,,,,,,,,,,,,,,,,,,,,,,,,,,,,,,,,,,,,,,,,,,,,,,,,,,,,,,,,,,,,,,,,,,,,,,,,,,,,,,,,ni,la,lu,ta,sil,fa,zu,be,sil1,ri,sil2,,,,,,,,,,,,,,,z,1.5174,5,1.92,0,3,3,17,1,testConjL1Syn//r2.s2.0.wav,,,,,,,,,,,,,,,,,,,,,,,,,,,,,,,,,,,
,,,,,,,s114,A,2024-02-19_20h04.52.495,Unsyncopated_study2,2022.2.5,MacIntel,120.4819277,,,,,,,,,,,,,,,,,,,,,,,,,,,,,,,,,,,,,,,,,,,,,,,,,,,,,,,,,,,,,,,,,,,,,,,,,,,,,,,,,,,,,,,,,,,,,,,,,,,,,,,,,,,,,,,,,,,,,,,,,,,,,,,,,,,,,,,,,,,,,,,,,,,,,ta,ri,fo,be,sil,la,cho,ro,sil1,ze,sil2,,,,,,,,,,,,,,,m,0.8569,5,1.4379,0,4,4,16,1,testConjL1Syn//r2.s1.2.wav,,,,,,,,,,,,,,,,,,,,,,,,,,,,,,,,,,,
,,,,,,,s114,A,2024-02-19_20h04.52.495,Unsyncopated_study2,2022.2.5,MacIntel,120.4819277,,,,,,,,,,,,,,,,,,,,,,,,,,,,,,,,,,,,,,,,,,,,,,,,,,,,,,,,,,,,,,,,,,,,,,,,,,,,,,,,,,,,,,,,,,,,,,,,,,,,,,,,,,,,,,,,,,,,,,,,,,,,,,,,,,,,,,,,,,,,,,,,,,,,,fa,cho,ne,be,sil,zu,ni,ta,sil1,la,sil2,,,,,,,,,,,,,,,m,1.3125,3,1.4013,0,5,5,3,1,testConjL1Syn//cat_viol.r2.s2.0.wav,,,,,,,,,,,,,,,,,,,,,,,,,,,,,,,,,,,
,,,,,,,s114,A,2024-02-19_20h04.52.495,Unsyncopated_study2,2022.2.5,MacIntel,120.4819277,,,,,,,,,,,,,,,,,,,,,,,,,,,,,,,,,,,,,,,,,,,,,,,,,,,,,,,,,,,,,,,,,,,,,,,,,,,,,,,,,,,,,,,,,,,,,,,,,,,,,,,,,,,,,,,,,,,,,,,,,,,,,,,,,,,,,,,,,,,,,,,,,,,,,la,ze,ne,ro,sil,pu,lu,ni,sil1,ki,sil2,,,,,,,,,,,,,,,z,0.6503,5,1.4092,0,6,6,21,1,testConjL1Syn//time_viol.r1.s2.0.wav,,,,,,,,,,,,,,,,,,,,,,,,,,,,,,,,,,,
,,,,,,,s114,A,2024-02-19_20h04.52.495,Unsyncopated_study2,2022.2.5,MacIntel,120.4819277,,,,,,,,,,,,,,,,,,,,,,,,,,,,,,,,,,,,,,,,,,,,,,,,,,,,,,,,,,,,,,,,,,,,,,,,,,,,,,,,,,,,,,,,,,,,,,,,,,,,,,,,,,,,,,,,,,,,,,,,,,,,,,,,,,,,,,,,,,,,,,,,,,,,,ta,zu,cho,ze,sil,ne,ri,la,sil1,fa,sil2,,,,,,,,,,,,,,,m,0.8754,5,1.4855,0,7,7,6,1,testConjL1Syn//dep_viol.r2.s1.0.wav,,,,,,,,,,,,,,,,,,,,,,,,,,,,,,,,,,,
,,,,,,,s114,A,2024-02-19_20h04.52.495,Unsyncopated_study2,2022.2.5,MacIntel,120.4819277,,,,,,,,,,,,,,,,,,,,,,,,,,,,,,,,,,,,,,,,,,,,,,,,,,,,,,,,,,,,,,,,,,,,,,,,,,,,,,,,,,,,,,,,,,,,,,,,,,,,,,,,,,,,,,,,,,,,,,,,,,,,,,,,,,,,,,,,,,,,,,,,,,,,,ta,ne,ze,be,sil,ri,zu,ni,sil1,lu,sil2,,,,,,,,,,,,,,,m,1.9752,5,1.2834,0,8,8,15,1,testConjL1Syn//r2.s1.1.wav,,,,,,,,,,,,,,,,,,,,,,,,,,,,,,,,,,,
,,,,,,,s114,A,2024-02-19_20h04.52.495,Unsyncopated_study2,2022.2.5,MacIntel,120.4819277,,,,,,,,,,,,,,,,,,,,,,,,,,,,,,,,,,,,,,,,,,,,,,,,,,,,,,,,,,,,,,,,,,,,,,,,,,,,,,,,,,,,,,,,,,,,,,,,,,,,,,,,,,,,,,,,,,,,,,,,,,,,,,,,,,,,,,,,,,,,,,,,,,,,,pu,ne,zu,ki,sil,la,ze,ri,sil1,lu,sil2,,,,,,,,,,,,,,,z,0.7009,4,2.5953,0,9,9,8,1,testConjL1Syn//r1.s1.0.wav,,,,,,,,,,,,,,,,,,,,,,,,,,,,,,,,,,,
,,,,,,,s114,A,2024-02-19_20h04.52.495,Unsyncopated_study2,2022.2.5,MacIntel,120.4819277,,,,,,,,,,,,,,,,,,,,,,,,,,,,,,,,,,,,,,,,,,,,,,,,,,,,,,,,,,,,,,,,,,,,,,,,,,,,,,,,,,,,,,,,,,,,,,,,,,,,,,,,,,,,,,,,,,,,,,,,,,,,,,,,,,,,,,,,,,,,,,,,,,,,,pu,zu,fo,ki,sil,ri,ze,ni,sil1,cho,sil2,,,,,,,,,,,,,,,m,1.4154,6,1.8717,0,10,10,9,1,testConjL1Syn//r1.s1.1.wav,,,,,,,,,,,,,,,,,,,,,,,,,,,,,,,,,,,
,,,,,,,s114,A,2024-02-19_20h04.52.495,Unsyncopated_study2,2022.2.5,MacIntel,120.4819277,,,,,,,,,,,,,,,,,,,,,,,,,,,,,,,,,,,,,,,,,,,,,,,,,,,,,,,,,,,,,,,,,,,,,,,,,,,,,,,,,,,,,,,,,,,,,,,,,,,,,,,,,,,,,,,,,,,,,,,,,,,,,,,,,,,,,,,,,,,,,,,,,,,,,la,fo,ni,ta,sil,cho,ro,be,sil1,ne,sil2,,,,,,,,,,,,,,,m,1.6912,5,3.8538,0,11,11,18,1,testConjL1Syn//r2.s2.1.wav,,,,,,,,,,,,,,,,,,,,,,,,,,,,,,,,,,,
,,,,,,,s114,A,2024-02-19_20h04.52.495,Unsyncopated_study2,2022.2.5,MacIntel,120.4819277,,,,,,,,,,,,,,,,,,,,,,,,,,,,,,,,,,,,,,,,,,,,,,,,,,,,,,,,,,,,,,,,,,,,,,,,,,,,,,,,,,,,,,,,,,,,,,,,,,,,,,,,,,,,,,,,,,,,,,,,,,,,,,,,,,,,,,,,,,,,,,,,,,,,,pu,ne,fo,ki,sil,ro,fa,ni,sil1,cho,sil2,,,,,,,,,,,,,,,z,0.7998,5,0.9829,0,12,12,10,1,testConjL1Syn//r1.s1.2.wav,,,,,,,,,,,,,,,,,,,,,,,,,,,,,,,,,,,
,,,,,,,s114,A,2024-02-19_20h04.52.495,Unsyncopated_study2,2022.2.5,MacIntel,120.4819277,,,,,,,,,,,,,,,,,,,,,,,,,,,,,,,,,,,,,,,,,,,,,,,,,,,,,,,,,,,,,,,,,,,,,,,,,,,,,,,,,,,,,,,,,,,,,,,,,,,,,,,,,,,,,,,,,,,,,,,,,,,,,,,,,,,,,,,,,,,,,,,,,,,,,ta,cho,fo,be,sil,la,ni,ro,sil1,lu,sil2,,,,,,,,,,,,,,,m,2.8249,4,1.8025,0,13,13,14,1,testConjL1Syn//r2.s1.0.wav,,,,,,,,,,,,,,,,,,,,,,,,,,,,,,,,,,,
,,,,,,,s114,A,2024-02-19_20h04.52.495,Unsyncopated_study2,2022.2.5,MacIntel,120.4819277,,,,,,,,,,,,,,,,,,,,,,,,,,,,,,,,,,,,,,,,,,,,,,,,,,,,,,,,,,,,,,,,,,,,,,,,,,,,,,,,,,,,,,,,,,,,,,,,,,,,,,,,,,,,,,,,,,,,,,,,,,,,,,,,,,,,,,,,,,,,,,,,,,,,,ki,cho,ne,pu,sil,fa,fo,ri,sil1,lu,sil2,,,,,,,,,,,,,,,z,2.5913,3,1.2203,0,14,14,0,1,testConjL1Syn//cat_viol.r1.s1.0.wav,,,,,,,,,,,,,,,,,,,,,,,,,,,,,,,,,,,
,,,,,,,s114,A,2024-02-19_20h04.52.495,Unsyncopated_study2,2022.2.5,MacIntel,120.4819277,,,,,,,,,,,,,,,,,,,,,,,,,,,,,,,,,,,,,,,,,,,,,,,,,,,,,,,,,,,,,,,,,,,,,,,,,,,,,,,,,,,,,,,,,,,,,,,,,,,,,,,,,,,,,,,,,,,,,,,,,,,,,,,,,,,,,,,,,,,,,,,,,,,,,fa,la,cho,ta,sil,zu,lu,ni,sil1,ri,sil2,,,,,,,,,,,,,,,z,3.2094,6,3.6961,0,15,15,7,1,testConjL1Syn//dep_viol.r2.s2.0.wav,,,,,,,,,,,,,,,,,,,,,,,,,,,,,,,,,,,
,,,,,,,s114,A,2024-02-19_20h04.52.495,Unsyncopated_study2,2022.2.5,MacIntel,120.4819277,,,,,,,,,,,,,,,,,,,,,,,,,,,,,,,,,,,,,,,,,,,,,,,,,,,,,,,,,,,,,,,,,,,,,,,,,,,,,,,,,,,,,,,,,,,,,,,,,,,,,,,,,,,,,,,,,,,,,,,,,,,,,,,,,,,,,,,,,,,,,,,,,,,,,lu,ne,ro,pu,sil,ni,cho,ki,sil1,fa,sil2,,,,,,,,,,,,,,,z,1.5832,6,1.5437,0,16,16,11,1,testConjL1Syn//r1.s2.0.wav,,,,,,,,,,,,,,,,,,,,,,,,,,,,,,,,,,,
,,,,,,,s114,A,2024-02-19_20h04.52.495,Unsyncopated_study2,2022.2.5,MacIntel,120.4819277,,,,,,,,,,,,,,,,,,,,,,,,,,,,,,,,,,,,,,,,,,,,,,,,,,,,,,,,,,,,,,,,,,,,,,,,,,,,,,,,,,,,,,,,,,,,,,,,,,,,,,,,,,,,,,,,,,,,,,,,,,,,,,,,,,,,,,,,,,,,,,,,,,,,,ze,ta,cho,fo,sil,be,ni,lu,sil1,ri,sil2,,,,,,,,,,,,,,,m,0.3319,4,1.6349,0,17,17,22,1,testConjL1Syn//time_viol.r2.s1.0.wav,,,,,,,,,,,,,,,,,,,,,,,,,,,,,,,,,,,
,,,,,,,s114,A,2024-02-19_20h04.52.495,Unsyncopated_study2,2022.2.5,MacIntel,120.4819277,,,,,,,,,,,,,,,,,,,,,,,,,,,,,,,,,,,,,,,,,,,,,,,,,,,,,,,,,,,,,,,,,,,,,,,,,,,,,,,,,,,,,,,,,,,,,,,,,,,,,,,,,,,,,,,,,,,,,,,,,,,,,,,,,,,,,,,,,,,,,,,,,,,,,ro,ni,fa,pu,sil,ri,cho,ki,sil1,ne,sil2,,,,,,,,,,,,,,,z,0.5827,7,1.2386,0,18,18,13,1,testConjL1Syn//r1.s2.2.wav,,,,,,,,,,,,,,,,,,,,,,,,,,,,,,,,,,,
,,,,,,,s114,A,2024-02-19_20h04.52.495,Unsyncopated_study2,2022.2.5,MacIntel,120.4819277,,,,,,,,,,,,,,,,,,,,,,,,,,,,,,,,,,,,,,,,,,,,,,,,,,,,,,,,,,,,,,,,,,,,,,,,,,,,,,,,,,,,,,,,,,,,,,,,,,,,,,,,,,,,,,,,,,,,,,,,,,,,,,,,,,,,,,,,,,,,,,,,,,,,,zu,ri,ni,ro,sil,ta,cho,fo,sil1,be,sil2,,,,,,,,,,,,,,,m,0.2085,4,0.7425,0,19,19,23,1,testConjL1Syn//time_viol.r2.s2.0.wav,,,,,,,,,,,,,,,,,,,,,,,,,,,,,,,,,,,
,,,,,,,s114,A,2024-02-19_20h04.52.495,Unsyncopated_study2,2022.2.5,MacIntel,120.4819277,,,,,,,,,,,,,,,,,,,,,,,,,,,,,,,,,,,,,,,,,,,,,,,,,,,,,,,,,,,,,,,,,,,,,,,,,,,,,,,,,,,,,,,,,,,,,,,,,,,,,,,,,,,,,,,,,,,,,,,,,,,,,,,,,,,,,,,,,,,,,,,,,,,,,be,ne,fa,ta,sil,la,lu,ni,sil1,fo,sil2,,,,,,,,,,,,,,,z,0.4101,6,0.9171,0,20,20,2,1,testConjL1Syn//cat_viol.r2.s1.0.wav,,,,,,,,,,,,,,,,,,,,,,,,,,,,,,,,,,,
,,,,,,,s114,A,2024-02-19_20h04.52.495,Unsyncopated_study2,2022.2.5,MacIntel,120.4819277,,,,,,,,,,,,,,,,,,,,,,,,,,,,,,,,,,,,,,,,,,,,,,,,,,,,,,,,,,,,,,,,,,,,,,,,,,,,,,,,,,,,,,,,,,,,,,,,,,,,,,,,,,,,,,,,,,,,,,,,,,,,,,,,,,,,,,,,,,,,,,,,,,,,,fo,ne,la,ta,sil,ri,fa,be,sil1,zu,sil2,,,,,,,,,,,,,,,m,0.2425,6,1.0588,0,21,21,19,1,testConjL1Syn//r2.s2.2.wav,,,,,,,,,,,,,,,,,,,,,,,,,,,,,,,,,,,
,,,,,,,s114,A,2024-02-19_20h04.52.495,Unsyncopated_study2,2022.2.5,MacIntel,120.4819277,,,,,,,,,,,,,,,,,,,,,,,,,,,,,,,,,,,,,,,,,,,,,,,,,,,,,,,,,,,,,,,,,,,,,,,,,,,,,,,,,,,,,,,,,,,,,,,,,,,,,,,,,,,,,,,,,,,,,,,,,,,,,,,,,,,,,,,,,,,,,,,,,,,,,fo,ze,ro,pu,sil,zu,ni,ki,sil1,ne,sil2,,,,,,,,,,,,,,,z,0.5011,7,1.3008,0,22,22,12,1,testConjL1Syn//r1.s2.1.wav,,,,,,,,,,,,,,,,,,,,,,,,,,,,,,,,,,,
,,,,,,,s114,A,2024-02-19_20h04.52.495,Unsyncopated_study2,2022.2.5,MacIntel,120.4819277,,,,,,,,,,,,,,,,,,,,,,,,,,,,,,,,,,,,,,,,,,,,,,,,,,,,,,,,,,,,,,,,,,,,,,,,,,,,,,,,,,,,,,,,,,,,,,,,,,,,,,,,,,,,,,,,,,,,,,,,,,,,,,,,,,,,,,,,,,,,,,,,,,,,,pu,la,fo,ze,sil,fa,zu,ne,sil1,cho,sil2,,,,,,,,,,,,,,,m,0.7104,6,1.1015,0,23,23,4,1,testConjL1Syn//dep_viol.r1.s1.0.wav,,,,,,,,,,,,,,,,,,,,,,,,,,,,,,,,,,,
,,,,,,,s114,A,2024-02-19_20h04.52.495,Unsyncopated_study2,2022.2.5,MacIntel,120.4819277,,,,,,,,,,,,,,,,,,,,,,,,,,,,,,,,,,,,,,,,,,,,,,,,,,,,,,,,,,,,,,,,,,,,,,,,,,,,,,,,,,,,,,,,,,,,,,,,,,,,,,,,,,,,,,,,,,,,,,,,,,,,,,,,,,,,,,,,,,,,,,,,,,,,,,,,,,,,,,,,,,,,,,,,,,,,,,,,,,,,,,,,space,3.0119,0,1,1,3,1,ConjL1_syn.csv,dir_Online_conjL1_syn.csv,Test_Conj_SynL1.csv,ConjL1_syn.wav,,,,,,,,,,,,,,,,,,,,,,,,
,,,,,,,s114,A,2024-02-19_20h04.52.495,Unsyncopated_study2,2022.2.5,MacIntel,120.4819277,,,,,,,,,,,,,,,,,,,,,,,,,,,,,,,,,,,,,,,,,,,,,,,,,,,,,,,,,,,,,,,,,,,,,,,,,,,,,,,,,,,,,,,,,,,,,,,,,,,,,,,,,,,,,,,,,,,,,,,,,,,,,,,,,,,,,,,,space,2.9487,space,2.5003,"[""space""]",0,0,0,3,1,Online_whenL4//a.lo23.1332.wav,1332,1332,nu,ña,ci,sil,re,ñi,lo,sil1,pe,bu,sil2,[2.2205999999978303],,,,,,,,,,,,,,,,,,,,,,,,,,,,,,,,,,,,,,,,,,,,,,,,,,,,,,,,,,
,,,,,,,s114,A,2024-02-19_20h04.52.495,Unsyncopated_study2,2022.2.5,MacIntel,120.4819277,,,,,,,,,,,,,,,,,,,,,,,,,,,,,,,,,,,,,,,,,,,,,,,,,,,,,,,,,,,,,,,,,,,,,,,,,,,,,,,,,,,,,,,,,,,,,,,,,,,,,,,,,,,,,,,,,,,,,,,,,,,,,,,,,,,,,,,,,,,,,0,1,1,1,1,Online_whenL4//a.lo21.1998.wav,1998,1998,ñi,zi,bu,sil,de,ru,po,sil1,ña,lo,sil2,,,,,,,,,,,,,,,,,,,,,,,,,,,,,,,,,,,,,,,,,,,,,,,,,,,,,,,,,,,
,,,,,,,s114,A,2024-02-19_20h04.52.495,Unsyncopated_study2,2022.2.5,MacIntel,120.4819277,,,,,,,,,,,,,,,,,,,,,,,,,,,,,,,,,,,,,,,,,,,,,,,,,,,,,,,,,,,,,,,,,,,,,,,,,,,,,,,,,,,,,,,,,,,,,,,,,,,,,,,,,,,,,,,,,,,,,,,,,,,,,,,,,,,,,,,,,,,,"[""space"",""space""]",0,2,2,2,1,Online_whenL4//a.lo22.444.wav,444,444,pe,ña,lo,sil,re,ñi,bo,sil1,ru,ja,sil2,"[0.1869000000019696,1.4289000000021588]",,,,,,,,,,,,,,,,,,,,,,,,,,,,,,,,,,,,,,,,,,,,,,,,,,,,,,,,,,
,,,,,,,s114,A,2024-02-19_20h04.52.495,Unsyncopated_study2,2022.2.5,MacIntel,120.4819277,,,,,,,,,,,,,,,,,,,,,,,,,,,,,,,,,,,,,,,,,,,,,,,,,,,,,,,,,,,,,,,,,,,,,,,,,,,,,,,,,,,,,,,,,,,,,,,,,,,,,,,,,,,,,,,,,,,,,,,,,,,,,,,,,,,,,,,,,,,,,0,3,3,0,1,Online_whenL4//a.lo20.none.wav,none,none,re,po,ja,sil,de,ña,nu,sil1,pe,ru,sil2,,,,,,,,,,,,,,,,,,,,,,,,,,,,,,,,,,,,,,,,,,,,,,,,,,,,,,,,,,,
,,,,,,,s114,A,2024-02-19_20h04.52.495,Unsyncopated_study2,2022.2.5,MacIntel,120.4819277,,,,,,,,,,,,,,,,,,,,,,,,,,,,,,,,,,,,,,,,,,,,,,,,,,,,,,,,,,,,,,,,,,,,,,,,,,,,,,,,,,,,,,,,,,,,,,,,,,,,,,,,,,,,,,,,,,,,,,,,,,,,,,,,,,,,,,,,,,,,,,,,,,,,,,,,,,,,,,,,,0,0,0,7,1,lo,lo,20:24,green,,,,,,,,,,,,,,,,,,,,,,,,,,,,,,,,,,,,,,,,,,,,,,,,,
,,,,,,,s114,A,2024-02-19_20h04.52.495,Unsyncopated_study2,2022.2.5,MacIntel,120.4819277,,,,,,,,,,,,,,,,,,,,,,,,,,,,,,,,,,,,,,,,,,,,,,,,,,,,,,,,,,,,,,,,,,,,,,,,,,,,,,,,,,,,,,,,,,,,,,,,,,,,,,,,,,,,,,,,,,,,,,,,,,,,,,,,,,,,,,,,,,,,,0,0,0,1,1,Online_whenL4//a.lo5.1998.wav,1998,1998,ci,bu,zi,sil,ru,bo,pe,sil1,de,lo,sil2,,,,,,,,,,,,,,,,,,,,,,,,,,,,,,,,,,,,,,,,,,,,,,,,,,,,,,,,,,,
,,,,,,,s114,A,2024-02-19_20h04.52.495,Unsyncopated_study2,2022.2.5,MacIntel,120.4819277,,,,,,,,,,,,,,,,,,,,,,,,,,,,,,,,,,,,,,,,,,,,,,,,,,,,,,,,,,,,,,,,,,,,,,,,,,,,,,,,,,,,,,,,,,,,,,,,,,,,,,,,,,,,,,,,,,,,,,,,,,,,,,,,,,,,,,,,,,,,"[""space""]",0,1,1,0,1,Online_whenL4//a.lo4.none.wav,none,none,bo,ñi,pe,sil,ja,re,ru,sil1,nu,da,sil2,[0.4546000000013919],,,,,,,,,,,,,,,,,,,,,,,,,,,,,,,,,,,,,,,,,,,,,,,,,,,,,,,,,,
,,,,,,,s114,A,2024-02-19_20h04.52.495,Unsyncopated_study2,2022.2.5,MacIntel,120.4819277,,,,,,,,,,,,,,,,,,,,,,,,,,,,,,,,,,,,,,,,,,,,,,,,,,,,,,,,,,,,,,,,,,,,,,,,,,,,,,,,,,,,,,,,,,,,,,,,,,,,,,,,,,,,,,,,,,,,,,,,,,,,,,,,,,,,,,,,,,,,,0,2,2,2,1,Online_whenL4//a.lo6.none.wav,none,none,ñi,ja,ña,sil,de,re,po,sil1,nu,bo,sil2,,,,,,,,,,,,,,,,,,,,,,,,,,,,,,,,,,,,,,,,,,,,,,,,,,,,,,,,,,,
,,,,,,,s114,A,2024-02-19_20h04.52.495,Unsyncopated_study2,2022.2.5,MacIntel,120.4819277,,,,,,,,,,,,,,,,,,,,,,,,,,,,,,,,,,,,,,,,,,,,,,,,,,,,,,,,,,,,,,,,,,,,,,,,,,,,,,,,,,,,,,,,,,,,,,,,,,,,,,,,,,,,,,,,,,,,,,,,,,,,,,,,,,,,,,,,,,,,"[""space""]",0,3,3,3,1,Online_whenL4//a.lo7.1776.wav,1776,1776,de,po,da,sil,ru,zi,ñi,sil1,lo,pe,sil2,[2.5542000000032203],,,,,,,,,,,,,,,,,,,,,,,,,,,,,,,,,,,,,,,,,,,,,,,,,,,,,,,,,,
,,,,,,,s114,A,2024-02-19_20h04.52.495,Unsyncopated_study2,2022.2.5,MacIntel,120.4819277,,,,,,,,,,,,,,,,,,,,,,,,,,,,,,,,,,,,,,,,,,,,,,,,,,,,,,,,,,,,,,,,,,,,,,,,,,,,,,,,,,,,,,,,,,,,,,,,,,,,,,,,,,,,,,,,,,,,,,,,,,,,,,,,,,,,,,,,,,,,,,,,,,,,,,,,,,,,,,,,,0,1,1,8,1,lo,lo,4:8,green,,,,,,,,,,,,,,,,,,,,,,,,,,,,,,,,,,,,,,,,,,,,,,,,,
,,,,,,,s114,A,2024-02-19_20h04.52.495,Unsyncopated_study2,2022.2.5,MacIntel,120.4819277,,,,,,,,,,,,,,,,,,,,,,,,,,,,,,,,,,,,,,,,,,,,,,,,,,,,,,,,,,,,,,,,,,,,,,,,,,,,,,,,,,,,,,,,,,,,,,,,,,,,,,,,,,,,,,,,,,,,,,,,,,,,,,,,,,,,,,,,,,,,"[""space""]",0,0,0,2,1,Online_whenL4//b.ja22.1776.wav,1776,1776,da,ci,zi,sil,ña,ru,bo,sil1,ja,bu,sil2,[2.420400000002246],,,,,,,,,,,,,,,,,,,,,,,,,,,,,,,,,,,,,,,,,,,,,,,,,,,,,,,,,,
,,,,,,,s114,A,2024-02-19_20h04.52.495,Unsyncopated_study2,2022.2.5,MacIntel,120.4819277,,,,,,,,,,,,,,,,,,,,,,,,,,,,,,,,,,,,,,,,,,,,,,,,,,,,,,,,,,,,,,,,,,,,,,,,,,,,,,,,,,,,,,,,,,,,,,,,,,,,,,,,,,,,,,,,,,,,,,,,,,,,,,,,,,,,,,,,,,,,"[""space""]",0,1,1,0,1,Online_whenL4//b.ja20.0.wav,0,0,ja,bu,ñi,sil,bo,de,lo,sil1,ru,da,sil2,[0.7123000000005959],,,,,,,,,,,,,,,,,,,,,,,,,,,,,,,,,,,,,,,,,,,,,,,,,,,,,,,,,,
,,,,,,,s114,A,2024-02-19_20h04.52.495,Unsyncopated_study2,2022.2.5,MacIntel,120.4819277,,,,,,,,,,,,,,,,,,,,,,,,,,,,,,,,,,,,,,,,,,,,,,,,,,,,,,,,,,,,,,,,,,,,,,,,,,,,,,,,,,,,,,,,,,,,,,,,,,,,,,,,,,,,,,,,,,,,,,,,,,,,,,,,,,,,,,,,,,,,,0,2,2,1,1,Online_whenL4//b.ja21.none.wav,none,none,bu,da,ci,sil,ru,nu,zi,sil1,de,po,sil2,,,,,,,,,,,,,,,,,,,,,,,,,,,,,,,,,,,,,,,,,,,,,,,,,,,,,,,,,,,
,,,,,,,s114,A,2024-02-19_20h04.52.495,Unsyncopated_study2,2022.2.5,MacIntel,120.4819277,,,,,,,,,,,,,,,,,,,,,,,,,,,,,,,,,,,,,,,,,,,,,,,,,,,,,,,,,,,,,,,,,,,,,,,,,,,,,,,,,,,,,,,,,,,,,,,,,,,,,,,,,,,,,,,,,,,,,,,,,,,,,,,,,,,,,,,,,,,,"[""space""]",0,3,3,3,1,Online_whenL4//b.ja23.444.wav,444,444,bu,da,ja,sil,ña,de,nu,sil1,ñi,po,sil2,[1.119200000003275],,,,,,,,,,,,,,,,,,,,,,,,,,,,,,,,,,,,,,,,,,,,,,,,,,,,,,,,,,
,,,,,,,s114,A,2024-02-19_20h04.52.495,Unsyncopated_study2,2022.2.5,MacIntel,120.4819277,,,,,,,,,,,,,,,,,,,,,,,,,,,,,,,,,,,,,,,,,,,,,,,,,,,,,,,,,,,,,,,,,,,,,,,,,,,,,,,,,,,,,,,,,,,,,,,,,,,,,,,,,,,,,,,,,,,,,,,,,,,,,,,,,,,,,,,,,,,,,,,,,,,,,,,,,,,,,,,,,0,2,2,29,1,ja,ja,56:60,orange,,,,,,,,,,,,,,,,,,,,,,,,,,,,,,,,,,,,,,,,,,,,,,,,,
,,,,,,,s114,A,2024-02-19_20h04.52.495,Unsyncopated_study2,2022.2.5,MacIntel,120.4819277,,,,,,,,,,,,,,,,,,,,,,,,,,,,,,,,,,,,,,,,,,,,,,,,,,,,,,,,,,,,,,,,,,,,,,,,,,,,,,,,,,,,,,,,,,,,,,,,,,,,,,,,,,,,,,,,,,,,,,,,,,,,,,,,,,,,,,,,,,,,"[""space""]",0,0,0,3,1,Online_whenL4//a.lo11.0.wav,0,0,lo,ci,pe,sil,ñi,de,zi,sil1,ru,da,sil2,[0.7966000000014901],,,,,,,,,,,,,,,,,,,,,,,,,,,,,,,,,,,,,,,,,,,,,,,,,,,,,,,,,,
,,,,,,,s114,A,2024-02-19_20h04.52.495,Unsyncopated_study2,2022.2.5,MacIntel,120.4819277,,,,,,,,,,,,,,,,,,,,,,,,,,,,,,,,,,,,,,,,,,,,,,,,,,,,,,,,,,,,,,,,,,,,,,,,,,,,,,,,,,,,,,,,,,,,,,,,,,,,,,,,,,,,,,,,,,,,,,,,,,,,,,,,,,,,,,,,,,,,"[""space""]",0,1,1,0,1,Online_whenL4//a.lo8.0.wav,0,0,lo,ñi,nu,sil,de,bo,pe,sil1,da,bu,sil2,[0.6614000000022315],,,,,,,,,,,,,,,,,,,,,,,,,,,,,,,,,,,,,,,,,,,,,,,,,,,,,,,,,,
,,,,,,,s114,A,2024-02-19_20h04.52.495,Unsyncopated_study2,2022.2.5,MacIntel,120.4819277,,,,,,,,,,,,,,,,,,,,,,,,,,,,,,,,,,,,,,,,,,,,,,,,,,,,,,,,,,,,,,,,,,,,,,,,,,,,,,,,,,,,,,,,,,,,,,,,,,,,,,,,,,,,,,,,,,,,,,,,,,,,,,,,,,,,,,,,,,,,,0,2,2,1,1,Online_whenL4//a.lo9.none.wav,none,none,bo,ci,po,sil,de,zi,ñi,sil1,ja,ña,sil2,,,,,,,,,,,,,,,,,,,,,,,,,,,,,,,,,,,,,,,,,,,,,,,,,,,,,,,,,,,
,,,,,,,s114,A,2024-02-19_20h04.52.495,Unsyncopated_study2,2022.2.5,MacIntel,120.4819277,,,,,,,,,,,,,,,,,,,,,,,,,,,,,,,,,,,,,,,,,,,,,,,,,,,,,,,,,,,,,,,,,,,,,,,,,,,,,,,,,,,,,,,,,,,,,,,,,,,,,,,,,,,,,,,,,,,,,,,,,,,,,,,,,,,,,,,,,,,,,0,3,3,2,1,Online_whenL4//a.lo10.none.wav,none,none,pe,da,re,sil,de,ja,zi,sil1,bu,po,sil2,,,,,,,,,,,,,,,,,,,,,,,,,,,,,,,,,,,,,,,,,,,,,,,,,,,,,,,,,,,
,,,,,,,s114,A,2024-02-19_20h04.52.495,Unsyncopated_study2,2022.2.5,MacIntel,120.4819277,,,,,,,,,,,,,,,,,,,,,,,,,,,,,,,,,,,,,,,,,,,,,,,,,,,,,,,,,,,,,,,,,,,,,,,,,,,,,,,,,,,,,,,,,,,,,,,,,,,,,,,,,,,,,,,,,,,,,,,,,,,,,,,,,,,,,,,,,,,,,,,,,,,,,,,,,,,,,,,,,0,3,3,18,1,lo,lo,8:12,green,,,,,,,,,,,,,,,,,,,,,,,,,,,,,,,,,,,,,,,,,,,,,,,,,
,,,,,,,s114,A,2024-02-19_20h04.52.495,Unsyncopated_study2,2022.2.5,MacIntel,120.4819277,,,,,,,,,,,,,,,,,,,,,,,,,,,,,,,,,,,,,,,,,,,,,,,,,,,,,,,,,,,,,,,,,,,,,,,,,,,,,,,,,,,,,,,,,,,,,,,,,,,,,,,,,,,,,,,,,,,,,,,,,,,,,,,,,,,,,,,,,,,,,0,0,0,2,1,Online_whenL4//d.pe26.none.wav,none,none,lo,re,ña,sil,bo,po,ñi,sil1,zi,da,sil2,,,,,,,,,,,,,,,,,,,,,,,,,,,,,,,,,,,,,,,,,,,,,,,,,,,,,,,,,,,
,,,,,,,s114,A,2024-02-19_20h04.52.495,Unsyncopated_study2,2022.2.5,MacIntel,120.4819277,,,,,,,,,,,,,,,,,,,,,,,,,,,,,,,,,,,,,,,,,,,,,,,,,,,,,,,,,,,,,,,,,,,,,,,,,,,,,,,,,,,,,,,,,,,,,,,,,,,,,,,,,,,,,,,,,,,,,,,,,,,,,,,,,,,,,,,,,,,,"[""space""]",0,1,1,3,1,Online_whenL4//d.pe27.222.wav,222,222,ru,pe,nu,sil,zi,ña,ci,sil1,ñi,bu,sil2,[1.0693000000005668],,,,,,,,,,,,,,,,,,,,,,,,,,,,,,,,,,,,,,,,,,,,,,,,,,,,,,,,,,
,,,,,,,s114,A,2024-02-19_20h04.52.495,Unsyncopated_study2,2022.2.5,MacIntel,120.4819277,,,,,,,,,,,,,,,,,,,,,,,,,,,,,,,,,,,,,,,,,,,,,,,,,,,,,,,,,,,,,,,,,,,,,,,,,,,,,,,,,,,,,,,,,,,,,,,,,,,,,,,,,,,,,,,,,,,,,,,,,,,,,,,,,,,,,,,,,,,,,0,2,2,1,1,Online_whenL4//d.pe25.none.wav,none,none,re,bu,ja,sil,da,bo,ci,sil1,nu,ru,sil2,,,,,,,,,,,,,,,,,,,,,,,,,,,,,,,,,,,,,,,,,,,,,,,,,,,,,,,,,,,
,,,,,,,s114,A,2024-02-19_20h04.52.495,Unsyncopated_study2,2022.2.5,MacIntel,120.4819277,,,,,,,,,,,,,,,,,,,,,,,,,,,,,,,,,,,,,,,,,,,,,,,,,,,,,,,,,,,,,,,,,,,,,,,,,,,,,,,,,,,,,,,,,,,,,,,,,,,,,,,,,,,,,,,,,,,,,,,,,,,,,,,,,,,,,,,,,,,,"[""space""]",0,3,3,0,1,Online_whenL4//d.pe24.0.wav,0,0,pe,de,re,sil,zi,ña,bo,sil1,ja,ñi,sil2,[0.7295999999978449],,,,,,,,,,,,,,,,,,,,,,,,,,,,,,,,,,,,,,,,,,,,,,,,,,,,,,,,,,
,,,,,,,s114,A,2024-02-19_20h04.52.495,Unsyncopated_study2,2022.2.5,MacIntel,120.4819277,,,,,,,,,,,,,,,,,,,,,,,,,,,,,,,,,,,,,,,,,,,,,,,,,,,,,,,,,,,,,,,,,,,,,,,,,,,,,,,,,,,,,,,,,,,,,,,,,,,,,,,,,,,,,,,,,,,,,,,,,,,,,,,,,,,,,,,,,,,,,,,,,,,,,,,,,,,,,,,,,0,4,4,6,1,pe,pe,128:132,blue,,,,,,,,,,,,,,,,,,,,,,,,,,,,,,,,,,,,,,,,,,,,,,,,,
,,,,,,,s114,A,2024-02-19_20h04.52.495,Unsyncopated_study2,2022.2.5,MacIntel,120.4819277,,,,,,,,,,,,,,,,,,,,,,,,,,,,,,,,,,,,,,,,,,,,,,,,,,,,,,,,,,,,,,,,,,,,,,,,,,,,,,,,,,,,,,,,,,,,,,,,,,,,,,,,,,,,,,,,,,,,,,,,,,,,,,,,,,,,,,,,,,,,"[""space""]",0,0,0,0,1,Online_whenL4//b.ja32.none.wav,none,none,ru,bu,de,sil,ña,lo,nu,sil1,re,ci,sil2,[1.607899999998608],,,,,,,,,,,,,,,,,,,,,,,,,,,,,,,,,,,,,,,,,,,,,,,,,,,,,,,,,,
,,,,,,,s114,A,2024-02-19_20h04.52.495,Unsyncopated_study2,2022.2.5,MacIntel,120.4819277,,,,,,,,,,,,,,,,,,,,,,,,,,,,,,,,,,,,,,,,,,,,,,,,,,,,,,,,,,,,,,,,,,,,,,,,,,,,,,,,,,,,,,,,,,,,,,,,,,,,,,,,,,,,,,,,,,,,,,,,,,,,,,,,,,,,,,,,,,,,,0,1,1,1,1,Online_whenL4//b.ja33.none.wav,none,none,ci,po,nu,sil,ñi,zi,pe,sil1,re,bu,sil2,,,,,,,,,,,,,,,,,,,,,,,,,,,,,,,,,,,,,,,,,,,,,,,,,,,,,,,,,,,
,,,,,,,s114,A,2024-02-19_20h04.52.495,Unsyncopated_study2,2022.2.5,MacIntel,120.4819277,,,,,,,,,,,,,,,,,,,,,,,,,,,,,,,,,,,,,,,,,,,,,,,,,,,,,,,,,,,,,,,,,,,,,,,,,,,,,,,,,,,,,,,,,,,,,,,,,,,,,,,,,,,,,,,,,,,,,,,,,,,,,,,,,,,,,,,,,,,,"[""space""]",0,2,2,2,1,Online_whenL4//b.ja34.1776.wav,1776,1776,re,bo,da,sil,zi,bu,ña,sil1,ja,ci,sil2,[2.5979999999999563],,,,,,,,,,,,,,,,,,,,,,,,,,,,,,,,,,,,,,,,,,,,,,,,,,,,,,,,,,
,,,,,,,s114,A,2024-02-19_20h04.52.495,Unsyncopated_study2,2022.2.5,MacIntel,120.4819277,,,,,,,,,,,,,,,,,,,,,,,,,,,,,,,,,,,,,,,,,,,,,,,,,,,,,,,,,,,,,,,,,,,,,,,,,,,,,,,,,,,,,,,,,,,,,,,,,,,,,,,,,,,,,,,,,,,,,,,,,,,,,,,,,,,,,,,,,,,,,0,3,3,3,1,Online_whenL4//b.ja35.1998.wav,1998,1998,ru,re,da,sil,lo,bo,ña,sil1,po,ja,sil2,,,,,,,,,,,,,,,,,,,,,,,,,,,,,,,,,,,,,,,,,,,,,,,,,,,,,,,,,,,
,,,,,,,s114,A,2024-02-19_20h04.52.495,Unsyncopated_study2,2022.2.5,MacIntel,120.4819277,,,,,,,,,,,,,,,,,,,,,,,,,,,,,,,,,,,,,,,,,,,,,,,,,,,,,,,,,,,,,,,,,,,,,,,,,,,,,,,,,,,,,,,,,,,,,,,,,,,,,,,,,,,,,,,,,,,,,,,,,,,,,,,,,,,,,,,,,,,,,,,,,,,,,,,,,,,,,,,,,0,5,5,1,1,ja,ja,68:72,orange,,,,,,,,,,,,,,,,,,,,,,,,,,,,,,,,,,,,,,,,,,,,,,,,,
,,,,,,,s114,A,2024-02-19_20h04.52.495,Unsyncopated_study2,2022.2.5,MacIntel,120.4819277,,,,,,,,,,,,,,,,,,,,,,,,,,,,,,,,,,,,,,,,,,,,,,,,,,,,,,,,,,,,,,,,,,,,,,,,,,,,,,,,,,,,,,,,,,,,,,,,,,,,,,,,,,,,,,,,,,,,,,,,,,,,,,,,,,,,,,,,,,,,"[""space"",""space""]",0,0,0,3,1,Online_whenL4//c.bu19.0.wav,0,0,bu,de,nu,sil,ja,ru,bo,sil1,ñi,pe,sil2,"[0.09929999999712891,1.396899999998368]",,,,,,,,,,,,,,,,,,,,,,,,,,,,,,,,,,,,,,,,,,,,,,,,,,,,,,,,,,
,,,,,,,s114,A,2024-02-19_20h04.52.495,Unsyncopated_study2,2022.2.5,MacIntel,120.4819277,,,,,,,,,,,,,,,,,,,,,,,,,,,,,,,,,,,,,,,,,,,,,,,,,,,,,,,,,,,,,,,,,,,,,,,,,,,,,,,,,,,,,,,,,,,,,,,,,,,,,,,,,,,,,,,,,,,,,,,,,,,,,,,,,,,,,,,,,,,,"[""space""]",0,1,1,0,1,Online_whenL4//c.bu16.0.wav,0,0,bu,ñi,pe,sil,ru,zi,bo,sil1,de,lo,sil2,[0.7625000000002728],,,,,,,,,,,,,,,,,,,,,,,,,,,,,,,,,,,,,,,,,,,,,,,,,,,,,,,,,,
,,,,,,,s114,A,2024-02-19_20h04.52.495,Unsyncopated_study2,2022.2.5,MacIntel,120.4819277,,,,,,,,,,,,,,,,,,,,,,,,,,,,,,,,,,,,,,,,,,,,,,,,,,,,,,,,,,,,,,,,,,,,,,,,,,,,,,,,,,,,,,,,,,,,,,,,,,,,,,,,,,,,,,,,,,,,,,,,,,,,,,,,,,,,,,,,,,,,,0,2,2,2,1,Online_whenL4//c.bu18.none.wav,none,none,da,re,zi,sil,pe,po,lo,sil1,ci,ña,sil2,,,,,,,,,,,,,,,,,,,,,,,,,,,,,,,,,,,,,,,,,,,,,,,,,,,,,,,,,,,
,,,,,,,s114,A,2024-02-19_20h04.52.495,Unsyncopated_study2,2022.2.5,MacIntel,120.4819277,,,,,,,,,,,,,,,,,,,,,,,,,,,,,,,,,,,,,,,,,,,,,,,,,,,,,,,,,,,,,,,,,,,,,,,,,,,,,,,,,,,,,,,,,,,,,,,,,,,,,,,,,,,,,,,,,,,,,,,,,,,,,,,,,,,,,,,,,,,,,0,3,3,1,1,Online_whenL4//c.bu17.none.wav,none,none,bo,zi,de,sil,ña,nu,ci,sil1,ru,po,sil2,,,,,,,,,,,,,,,,,,,,,,,,,,,,,,,,,,,,,,,,,,,,,,,,,,,,,,,,,,,
,,,,,,,s114,A,2024-02-19_20h04.52.495,Unsyncopated_study2,2022.2.5,MacIntel,120.4819277,,,,,,,,,,,,,,,,,,,,,,,,,,,,,,,,,,,,,,,,,,,,,,,,,,,,,,,,,,,,,,,,,,,,,,,,,,,,,,,,,,,,,,,,,,,,,,,,,,,,,,,,,,,,,,,,,,,,,,,,,,,,,,,,,,,,,,,,,,,,,,,,,,,,,,,,,,,,,,,,,0,6,6,5,1,bu,bu,88:92,red,,,,,,,,,,,,,,,,,,,,,,,,,,,,,,,,,,,,,,,,,,,,,,,,,
,,,,,,,s114,A,2024-02-19_20h04.52.495,Unsyncopated_study2,2022.2.5,MacIntel,120.4819277,,,,,,,,,,,,,,,,,,,,,,,,,,,,,,,,,,,,,,,,,,,,,,,,,,,,,,,,,,,,,,,,,,,,,,,,,,,,,,,,,,,,,,,,,,,,,,,,,,,,,,,,,,,,,,,,,,,,,,,,,,,,,,,,,,,,,,,,,,,,,0,0,0,2,1,Online_whenL4//c.bu14.none.wav,none,none,zi,ñi,ja,sil,re,da,de,sil1,ru,bo,sil2,,,,,,,,,,,,,,,,,,,,,,,,,,,,,,,,,,,,,,,,,,,,,,,,,,,,,,,,,,,
,,,,,,,s114,A,2024-02-19_20h04.52.495,Unsyncopated_study2,2022.2.5,MacIntel,120.4819277,,,,,,,,,,,,,,,,,,,,,,,,,,,,,,,,,,,,,,,,,,,,,,,,,,,,,,,,,,,,,,,,,,,,,,,,,,,,,,,,,,,,,,,,,,,,,,,,,,,,,,,,,,,,,,,,,,,,,,,,,,,,,,,,,,,,,,,,,,,,,0,1,1,3,1,Online_whenL4//c.bu15.1776.wav,1776,1776,zi,re,po,sil,pe,ña,lo,sil1,bu,bo,sil2,,,,,,,,,,,,,,,,,,,,,,,,,,,,,,,,,,,,,,,,,,,,,,,,,,,,,,,,,,,
,,,,,,,s114,A,2024-02-19_20h04.52.495,Unsyncopated_study2,2022.2.5,MacIntel,120.4819277,,,,,,,,,,,,,,,,,,,,,,,,,,,,,,,,,,,,,,,,,,,,,,,,,,,,,,,,,,,,,,,,,,,,,,,,,,,,,,,,,,,,,,,,,,,,,,,,,,,,,,,,,,,,,,,,,,,,,,,,,,,,,,,,,,,,,,,,,,,,,0,2,2,0,1,Online_whenL4//c.bu12.444.wav,444,444,ña,nu,bu,sil,bo,ñi,da,sil1,ru,lo,sil2,,,,,,,,,,,,,,,,,,,,,,,,,,,,,,,,,,,,,,,,,,,,,,,,,,,,,,,,,,,
,,,,,,,s114,A,2024-02-19_20h04.52.495,Unsyncopated_study2,2022.2.5,MacIntel,120.4819277,,,,,,,,,,,,,,,,,,,,,,,,,,,,,,,,,,,,,,,,,,,,,,,,,,,,,,,,,,,,,,,,,,,,,,,,,,,,,,,,,,,,,,,,,,,,,,,,,,,,,,,,,,,,,,,,,,,,,,,,,,,,,,,,,,,,,,,,,,,,,0,3,3,1,1,Online_whenL4//c.bu13.none.wav,none,none,bo,po,pe,sil,ja,ña,da,sil1,lo,de,sil2,,,,,,,,,,,,,,,,,,,,,,,,,,,,,,,,,,,,,,,,,,,,,,,,,,,,,,,,,,,
,,,,,,,s114,A,2024-02-19_20h04.52.495,Unsyncopated_study2,2022.2.5,MacIntel,120.4819277,,,,,,,,,,,,,,,,,,,,,,,,,,,,,,,,,,,,,,,,,,,,,,,,,,,,,,,,,,,,,,,,,,,,,,,,,,,,,,,,,,,,,,,,,,,,,,,,,,,,,,,,,,,,,,,,,,,,,,,,,,,,,,,,,,,,,,,,,,,,,,,,,,,,,,,,,,,,,,,,,0,7,7,26,1,bu,bu,84:88,red,,,,,,,,,,,,,,,,,,,,,,,,,,,,,,,,,,,,,,,,,,,,,,,,,
,,,,,,,s114,A,2024-02-19_20h04.52.495,Unsyncopated_study2,2022.2.5,MacIntel,120.4819277,,,,,,,,,,,,,,,,,,,,,,,,,,,,,,,,,,,,,,,,,,,,,,,,,,,,,,,,,,,,,,,,,,,,,,,,,,,,,,,,,,,,,,,,,,,,,,,,,,,,,,,,,,,,,,,,,,,,,,,,,,,,,,,,,,,,,,,,,,,,"[""space""]",0,0,0,0,1,Online_whenL4//d.pe4.1110.wav,1110,1110,da,ru,ja,sil,nu,pe,ña,sil1,ñi,de,sil2,[2.2811000000015156],,,,,,,,,,,,,,,,,,,,,,,,,,,,,,,,,,,,,,,,,,,,,,,,,,,,,,,,,,
,,,,,,,s114,A,2024-02-19_20h04.52.495,Unsyncopated_study2,2022.2.5,MacIntel,120.4819277,,,,,,,,,,,,,,,,,,,,,,,,,,,,,,,,,,,,,,,,,,,,,,,,,,,,,,,,,,,,,,,,,,,,,,,,,,,,,,,,,,,,,,,,,,,,,,,,,,,,,,,,,,,,,,,,,,,,,,,,,,,,,,,,,,,,,,,,,,,,,0,1,1,3,1,Online_whenL4//d.pe7.1998.wav,1998,1998,da,lo,ña,sil,bu,ñi,ru,sil1,ja,pe,sil2,,,,,,,,,,,,,,,,,,,,,,,,,,,,,,,,,,,,,,,,,,,,,,,,,,,,,,,,,,,
,,,,,,,s114,A,2024-02-19_20h04.52.495,Unsyncopated_study2,2022.2.5,MacIntel,120.4819277,,,,,,,,,,,,,,,,,,,,,,,,,,,,,,,,,,,,,,,,,,,,,,,,,,,,,,,,,,,,,,,,,,,,,,,,,,,,,,,,,,,,,,,,,,,,,,,,,,,,,,,,,,,,,,,,,,,,,,,,,,,,,,,,,,,,,,,,,,,,"[""space"",""space""]",0,2,2,1,1,Online_whenL4//d.pe5.444.wav,444,444,bu,nu,pe,sil,ci,da,re,sil1,de,lo,sil2,"[0.052000000000134605,1.1049000000025444]",,,,,,,,,,,,,,,,,,,,,,,,,,,,,,,,,,,,,,,,,,,,,,,,,,,,,,,,,,
,,,,,,,s114,A,2024-02-19_20h04.52.495,Unsyncopated_study2,2022.2.5,MacIntel,120.4819277,,,,,,,,,,,,,,,,,,,,,,,,,,,,,,,,,,,,,,,,,,,,,,,,,,,,,,,,,,,,,,,,,,,,,,,,,,,,,,,,,,,,,,,,,,,,,,,,,,,,,,,,,,,,,,,,,,,,,,,,,,,,,,,,,,,,,,,,,,,,"[""space""]",0,3,3,2,1,Online_whenL4//d.pe6.1110.wav,1110,1110,da,lo,nu,sil,po,pe,ci,sil1,bo,ña,sil2,[1.826499999999669],,,,,,,,,,,,,,,,,,,,,,,,,,,,,,,,,,,,,,,,,,,,,,,,,,,,,,,,,,
,,,,,,,s114,A,2024-02-19_20h04.52.495,Unsyncopated_study2,2022.2.5,MacIntel,120.4819277,,,,,,,,,,,,,,,,,,,,,,,,,,,,,,,,,,,,,,,,,,,,,,,,,,,,,,,,,,,,,,,,,,,,,,,,,,,,,,,,,,,,,,,,,,,,,,,,,,,,,,,,,,,,,,,,,,,,,,,,,,,,,,,,,,,,,,,,,,,,,,,,,,,,,,,,,,,,,,,,,0,8,8,10,1,pe,pe,108:112,blue,,,,,,,,,,,,,,,,,,,,,,,,,,,,,,,,,,,,,,,,,,,,,,,,,
,,,,,,,s114,A,2024-02-19_20h04.52.495,Unsyncopated_study2,2022.2.5,MacIntel,120.4819277,,,,,,,,,,,,,,,,,,,,,,,,,,,,,,,,,,,,,,,,,,,,,,,,,,,,,,,,,,,,,,,,,,,,,,,,,,,,,,,,,,,,,,,,,,,,,,,,,,,,,,,,,,,,,,,,,,,,,,,,,,,,,,,,,,,,,,,,,,,,"[""space""]",0,0,0,0,1,Online_whenL4//b.ja24.444.wav,444,444,bu,nu,ja,sil,ci,pe,de,sil1,po,ña,sil2,[1.0726999999992586],,,,,,,,,,,,,,,,,,,,,,,,,,,,,,,,,,,,,,,,,,,,,,,,,,,,,,,,,,
,,,,,,,s114,A,2024-02-19_20h04.52.495,Unsyncopated_study2,2022.2.5,MacIntel,120.4819277,,,,,,,,,,,,,,,,,,,,,,,,,,,,,,,,,,,,,,,,,,,,,,,,,,,,,,,,,,,,,,,,,,,,,,,,,,,,,,,,,,,,,,,,,,,,,,,,,,,,,,,,,,,,,,,,,,,,,,,,,,,,,,,,,,,,,,,,,,,,"[""space""]",0,1,1,3,1,Online_whenL4//b.ja27.444.wav,444,444,bu,ñi,ja,sil,ci,ru,ña,sil1,bo,zi,sil2,[1.1019999999998618],,,,,,,,,,,,,,,,,,,,,,,,,,,,,,,,,,,,,,,,,,,,,,,,,,,,,,,,,,
,,,,,,,s114,A,2024-02-19_20h04.52.495,Unsyncopated_study2,2022.2.5,MacIntel,120.4819277,,,,,,,,,,,,,,,,,,,,,,,,,,,,,,,,,,,,,,,,,,,,,,,,,,,,,,,,,,,,,,,,,,,,,,,,,,,,,,,,,,,,,,,,,,,,,,,,,,,,,,,,,,,,,,,,,,,,,,,,,,,,,,,,,,,,,,,,,,,,,0,2,2,2,1,Online_whenL4//b.ja26.none.wav,none,none,bu,ru,de,sil,zi,bo,re,sil1,ci,nu,sil2,,,,,,,,,,,,,,,,,,,,,,,,,,,,,,,,,,,,,,,,,,,,,,,,,,,,,,,,,,,
,,,,,,,s114,A,2024-02-19_20h04.52.495,Unsyncopated_study2,2022.2.5,MacIntel,120.4819277,,,,,,,,,,,,,,,,,,,,,,,,,,,,,,,,,,,,,,,,,,,,,,,,,,,,,,,,,,,,,,,,,,,,,,,,,,,,,,,,,,,,,,,,,,,,,,,,,,,,,,,,,,,,,,,,,,,,,,,,,,,,,,,,,,,,,,,,,,,,,0,3,3,1,1,Online_whenL4//b.ja25.none.wav,none,none,ru,zi,bo,sil,bu,nu,po,sil1,ñi,re,sil2,,,,,,,,,,,,,,,,,,,,,,,,,,,,,,,,,,,,,,,,,,,,,,,,,,,,,,,,,,,
,,,,,,,s114,A,2024-02-19_20h04.52.495,Unsyncopated_study2,2022.2.5,MacIntel,120.4819277,,,,,,,,,,,,,,,,,,,,,,,,,,,,,,,,,,,,,,,,,,,,,,,,,,,,,,,,,,,,,,,,,,,,,,,,,,,,,,,,,,,,,,,,,,,,,,,,,,,,,,,,,,,,,,,,,,,,,,,,,,,,,,,,,,,,,,,,,,,,,,,,,,,,,,,,,,,,,,,,,0,9,9,24,1,ja,ja,60:64,orange,,,,,,,,,,,,,,,,,,,,,,,,,,,,,,,,,,,,,,,,,,,,,,,,,
,,,,,,,s114,A,2024-02-19_20h04.52.495,Unsyncopated_study2,2022.2.5,MacIntel,120.4819277,,,,,,,,,,,,,,,,,,,,,,,,,,,,,,,,,,,,,,,,,,,,,,,,,,,,,,,,,,,,,,,,,,,,,,,,,,,,,,,,,,,,,,,,,,,,,,,,,,,,,,,,,,,,,,,,,,,,,,,,,,,,,,,,,,,,,,,,,,,,"[""space""]",0,0,0,0,1,Online_whenL4//b.ja28.1776.wav,1776,1776,ru,po,bu,sil,bo,da,lo,sil1,ja,pe,sil2,[2.4753999999984444],,,,,,,,,,,,,,,,,,,,,,,,,,,,,,,,,,,,,,,,,,,,,,,,,,,,,,,,,,
,,,,,,,s114,A,2024-02-19_20h04.52.495,Unsyncopated_study2,2022.2.5,MacIntel,120.4819277,,,,,,,,,,,,,,,,,,,,,,,,,,,,,,,,,,,,,,,,,,,,,,,,,,,,,,,,,,,,,,,,,,,,,,,,,,,,,,,,,,,,,,,,,,,,,,,,,,,,,,,,,,,,,,,,,,,,,,,,,,,,,,,,,,,,,,,,,,,,,0,1,1,1,1,Online_whenL4//b.ja29.none.wav,none,none,bu,da,nu,sil,ci,ru,ña,sil1,lo,bo,sil2,,,,,,,,,,,,,,,,,,,,,,,,,,,,,,,,,,,,,,,,,,,,,,,,,,,,,,,,,,,
,,,,,,,s114,A,2024-02-19_20h04.52.495,Unsyncopated_study2,2022.2.5,MacIntel,120.4819277,,,,,,,,,,,,,,,,,,,,,,,,,,,,,,,,,,,,,,,,,,,,,,,,,,,,,,,,,,,,,,,,,,,,,,,,,,,,,,,,,,,,,,,,,,,,,,,,,,,,,,,,,,,,,,,,,,,,,,,,,,,,,,,,,,,,,,,,,,,,,0,2,2,2,1,Online_whenL4//b.ja30.none.wav,none,none,zi,ci,de,sil,bo,da,lo,sil1,re,bu,sil2,,,,,,,,,,,,,,,,,,,,,,,,,,,,,,,,,,,,,,,,,,,,,,,,,,,,,,,,,,,
,,,,,,,s114,A,2024-02-19_20h04.52.495,Unsyncopated_study2,2022.2.5,MacIntel,120.4819277,,,,,,,,,,,,,,,,,,,,,,,,,,,,,,,,,,,,,,,,,,,,,,,,,,,,,,,,,,,,,,,,,,,,,,,,,,,,,,,,,,,,,,,,,,,,,,,,,,,,,,,,,,,,,,,,,,,,,,,,,,,,,,,,,,,,,,,,,,,,"[""space""]",0,3,3,3,1,Online_whenL4//b.ja31.1332.wav,1332,1332,ci,re,da,sil,lo,pe,ja,sil1,de,ñi,sil2,[2.1777999999972053],,,,,,,,,,,,,,,,,,,,,,,,,,,,,,,,,,,,,,,,,,,,,,,,,,,,,,,,,,
,,,,,,,s114,A,2024-02-19_20h04.52.495,Unsyncopated_study2,2022.2.5,MacIntel,120.4819277,,,,,,,,,,,,,,,,,,,,,,,,,,,,,,,,,,,,,,,,,,,,,,,,,,,,,,,,,,,,,,,,,,,,,,,,,,,,,,,,,,,,,,,,,,,,,,,,,,,,,,,,,,,,,,,,,,,,,,,,,,,,,,,,,,,,,,,,,,,,,,,,,,,,,,,,,,,,,,,,,0,10,10,16,1,ja,ja,64:68,orange,,,,,,,,,,,,,,,,,,,,,,,,,,,,,,,,,,,,,,,,,,,,,,,,,
,,,,,,,s114,A,2024-02-19_20h04.52.495,Unsyncopated_study2,2022.2.5,MacIntel,120.4819277,,,,,,,,,,,,,,,,,,,,,,,,,,,,,,,,,,,,,,,,,,,,,,,,,,,,,,,,,,,,,,,,,,,,,,,,,,,,,,,,,,,,,,,,,,,,,,,,,,,,,,,,,,,,,,,,,,,,,,,,,,,,,,,,,,,,,,,,,,,,,0,0,0,2,1,Online_whenL4//d.pe30.none.wav,none,none,ru,lo,po,sil,nu,de,da,sil1,ña,ñi,sil2,,,,,,,,,,,,,,,,,,,,,,,,,,,,,,,,,,,,,,,,,,,,,,,,,,,,,,,,,,,
,,,,,,,s114,A,2024-02-19_20h04.52.495,Unsyncopated_study2,2022.2.5,MacIntel,120.4819277,,,,,,,,,,,,,,,,,,,,,,,,,,,,,,,,,,,,,,,,,,,,,,,,,,,,,,,,,,,,,,,,,,,,,,,,,,,,,,,,,,,,,,,,,,,,,,,,,,,,,,,,,,,,,,,,,,,,,,,,,,,,,,,,,,,,,,,,,,,,,0,1,1,1,1,Online_whenL4//d.pe29.none.wav,none,none,da,po,ja,sil,bu,bo,lo,sil1,ña,de,sil2,,,,,,,,,,,,,,,,,,,,,,,,,,,,,,,,,,,,,,,,,,,,,,,,,,,,,,,,,,,
,,,,,,,s114,A,2024-02-19_20h04.52.495,Unsyncopated_study2,2022.2.5,MacIntel,120.4819277,,,,,,,,,,,,,,,,,,,,,,,,,,,,,,,,,,,,,,,,,,,,,,,,,,,,,,,,,,,,,,,,,,,,,,,,,,,,,,,,,,,,,,,,,,,,,,,,,,,,,,,,,,,,,,,,,,,,,,,,,,,,,,,,,,,,,,,,,,,,,0,2,2,0,1,Online_whenL4//d.pe28.none.wav,none,none,bo,nu,lo,sil,ru,re,bu,sil1,po,da,sil2,,,,,,,,,,,,,,,,,,,,,,,,,,,,,,,,,,,,,,,,,,,,,,,,,,,,,,,,,,,
,,,,,,,s114,A,2024-02-19_20h04.52.495,Unsyncopated_study2,2022.2.5,MacIntel,120.4819277,,,,,,,,,,,,,,,,,,,,,,,,,,,,,,,,,,,,,,,,,,,,,,,,,,,,,,,,,,,,,,,,,,,,,,,,,,,,,,,,,,,,,,,,,,,,,,,,,,,,,,,,,,,,,,,,,,,,,,,,,,,,,,,,,,,,,,,,,,,,"[""space""]",0,3,3,3,1,Online_whenL4//d.pe31.1332.wav,1332,1332,bu,re,ru,sil,ja,de,pe,sil1,ci,zi,sil2,[2.0193000000008396],,,,,,,,,,,,,,,,,,,,,,,,,,,,,,,,,,,,,,,,,,,,,,,,,,,,,,,,,,
,,,,,,,s114,A,2024-02-19_20h04.52.495,Unsyncopated_study2,2022.2.5,MacIntel,120.4819277,,,,,,,,,,,,,,,,,,,,,,,,,,,,,,,,,,,,,,,,,,,,,,,,,,,,,,,,,,,,,,,,,,,,,,,,,,,,,,,,,,,,,,,,,,,,,,,,,,,,,,,,,,,,,,,,,,,,,,,,,,,,,,,,,,,,,,,,,,,,,,,,,,,,,,,,,,,,,,,,,0,11,11,28,1,pe,pe,132:136,blue,,,,,,,,,,,,,,,,,,,,,,,,,,,,,,,,,,,,,,,,,,,,,,,,,
,,,,,,,s114,A,2024-02-19_20h04.52.495,Unsyncopated_study2,2022.2.5,MacIntel,120.4819277,,,,,,,,,,,,,,,,,,,,,,,,,,,,,,,,,,,,,,,,,,,,,,,,,,,,,,,,,,,,,,,,,,,,,,,,,,,,,,,,,,,,,,,,,,,,,,,,,,,,,,,,,,,,,,,,,,,,,,,,,,,,,,,,,,,,,,,,,,,,,0,0,0,2,1,Online_whenL4//d.pe18.none.wav,none,none,zi,re,po,sil,bo,ja,ci,sil1,ru,da,sil2,,,,,,,,,,,,,,,,,,,,,,,,,,,,,,,,,,,,,,,,,,,,,,,,,,,,,,,,,,,
,,,,,,,s114,A,2024-02-19_20h04.52.495,Unsyncopated_study2,2022.2.5,MacIntel,120.4819277,,,,,,,,,,,,,,,,,,,,,,,,,,,,,,,,,,,,,,,,,,,,,,,,,,,,,,,,,,,,,,,,,,,,,,,,,,,,,,,,,,,,,,,,,,,,,,,,,,,,,,,,,,,,,,,,,,,,,,,,,,,,,,,,,,,,,,,,,,,,"[""space""]",0,1,1,0,1,Online_whenL4//d.pe16.888.wav,888,888,lo,bu,zi,sil,pe,ñi,da,sil1,ci,ña,sil2,[1.5340000000001055],,,,,,,,,,,,,,,,,,,,,,,,,,,,,,,,,,,,,,,,,,,,,,,,,,,,,,,,,,
,,,,,,,s114,A,2024-02-19_20h04.52.495,Unsyncopated_study2,2022.2.5,MacIntel,120.4819277,,,,,,,,,,,,,,,,,,,,,,,,,,,,,,,,,,,,,,,,,,,,,,,,,,,,,,,,,,,,,,,,,,,,,,,,,,,,,,,,,,,,,,,,,,,,,,,,,,,,,,,,,,,,,,,,,,,,,,,,,,,,,,,,,,,,,,,,,,,,"[""space""]",0,2,2,1,1,Online_whenL4//d.pe17.444.wav,444,444,ci,ru,pe,sil,ña,bu,zi,sil1,ñi,nu,sil2,[1.178400000002057],,,,,,,,,,,,,,,,,,,,,,,,,,,,,,,,,,,,,,,,,,,,,,,,,,,,,,,,,,
,,,,,,,s114,A,2024-02-19_20h04.52.495,Unsyncopated_study2,2022.2.5,MacIntel,120.4819277,,,,,,,,,,,,,,,,,,,,,,,,,,,,,,,,,,,,,,,,,,,,,,,,,,,,,,,,,,,,,,,,,,,,,,,,,,,,,,,,,,,,,,,,,,,,,,,,,,,,,,,,,,,,,,,,,,,,,,,,,,,,,,,,,,,,,,,,,,,,,0,3,3,3,1,Online_whenL4//d.pe19.none.wav,none,none,nu,ci,ñi,sil,de,po,ru,sil1,ña,zi,sil2,,,,,,,,,,,,,,,,,,,,,,,,,,,,,,,,,,,,,,,,,,,,,,,,,,,,,,,,,,,
,,,,,,,s114,A,2024-02-19_20h04.52.495,Unsyncopated_study2,2022.2.5,MacIntel,120.4819277,,,,,,,,,,,,,,,,,,,,,,,,,,,,,,,,,,,,,,,,,,,,,,,,,,,,,,,,,,,,,,,,,,,,,,,,,,,,,,,,,,,,,,,,,,,,,,,,,,,,,,,,,,,,,,,,,,,,,,,,,,,,,,,,,,,,,,,,,,,,,,,,,,,,,,,,,,,,,,,,,0,12,12,0,1,pe,pe,120:124,blue,,,,,,,,,,,,,,,,,,,,,,,,,,,,,,,,,,,,,,,,,,,,,,,,,
,,,,,,,s114,A,2024-02-19_20h04.52.495,Unsyncopated_study2,2022.2.5,MacIntel,120.4819277,,,,,,,,,,,,,,,,,,,,,,,,,,,,,,,,,,,,,,,,,,,,,,,,,,,,,,,,,,,,,,,,,,,,,,,,,,,,,,,,,,,,,,,,,,,,,,,,,,,,,,,,,,,,,,,,,,,,,,,,,,,,,,,,,,,,,,,,,,,,,0,0,0,1,1,Online_whenL4//c.bu1.none.wav,none,none,lo,pe,po,sil,ci,ja,de,sil1,bo,ru,sil2,,,,,,,,,,,,,,,,,,,,,,,,,,,,,,,,,,,,,,,,,,,,,,,,,,,,,,,,,,,
,,,,,,,s114,A,2024-02-19_20h04.52.495,Unsyncopated_study2,2022.2.5,MacIntel,120.4819277,,,,,,,,,,,,,,,,,,,,,,,,,,,,,,,,,,,,,,,,,,,,,,,,,,,,,,,,,,,,,,,,,,,,,,,,,,,,,,,,,,,,,,,,,,,,,,,,,,,,,,,,,,,,,,,,,,,,,,,,,,,,,,,,,,,,,,,,,,,,,0,1,1,3,1,Online_whenL4//c.bu3.none.wav,none,none,ja,de,pe,sil,ña,ñi,bo,sil1,nu,po,sil2,,,,,,,,,,,,,,,,,,,,,,,,,,,,,,,,,,,,,,,,,,,,,,,,,,,,,,,,,,,
,,,,,,,s114,A,2024-02-19_20h04.52.495,Unsyncopated_study2,2022.2.5,MacIntel,120.4819277,,,,,,,,,,,,,,,,,,,,,,,,,,,,,,,,,,,,,,,,,,,,,,,,,,,,,,,,,,,,,,,,,,,,,,,,,,,,,,,,,,,,,,,,,,,,,,,,,,,,,,,,,,,,,,,,,,,,,,,,,,,,,,,,,,,,,,,,,,,,"[""space""]",0,2,2,2,1,Online_whenL4//c.bu2.1110.wav,1110,1110,lo,bo,ci,sil,da,bu,ñi,sil1,ja,de,sil2,[1.987500000000182],,,,,,,,,,,,,,,,,,,,,,,,,,,,,,,,,,,,,,,,,,,,,,,,,,,,,,,,,,
,,,,,,,s114,A,2024-02-19_20h04.52.495,Unsyncopated_study2,2022.2.5,MacIntel,120.4819277,,,,,,,,,,,,,,,,,,,,,,,,,,,,,,,,,,,,,,,,,,,,,,,,,,,,,,,,,,,,,,,,,,,,,,,,,,,,,,,,,,,,,,,,,,,,,,,,,,,,,,,,,,,,,,,,,,,,,,,,,,,,,,,,,,,,,,,,,,,,"[""space""]",0,3,3,0,1,Online_whenL4//c.bu0.888.wav,888,888,ci,ñi,ja,sil,bu,da,ru,sil1,po,nu,sil2,[1.718300000000454],,,,,,,,,,,,,,,,,,,,,,,,,,,,,,,,,,,,,,,,,,,,,,,,,,,,,,,,,,
,,,,,,,s114,A,2024-02-19_20h04.52.495,Unsyncopated_study2,2022.2.5,MacIntel,120.4819277,,,,,,,,,,,,,,,,,,,,,,,,,,,,,,,,,,,,,,,,,,,,,,,,,,,,,,,,,,,,,,,,,,,,,,,,,,,,,,,,,,,,,,,,,,,,,,,,,,,,,,,,,,,,,,,,,,,,,,,,,,,,,,,,,,,,,,,,,,,,,,,,,,,,,,,,,,,,,,,,,0,13,13,20,1,bu,bu,72:76,red,,,,,,,,,,,,,,,,,,,,,,,,,,,,,,,,,,,,,,,,,,,,,,,,,
,,,,,,,s114,A,2024-02-19_20h04.52.495,Unsyncopated_study2,2022.2.5,MacIntel,120.4819277,,,,,,,,,,,,,,,,,,,,,,,,,,,,,,,,,,,,,,,,,,,,,,,,,,,,,,,,,,,,,,,,,,,,,,,,,,,,,,,,,,,,,,,,,,,,,,,,,,,,,,,,,,,,,,,,,,,,,,,,,,,,,,,,,,,,,,,,,,,,,0,0,0,3,1,Online_whenL4//a.lo27.none.wav,none,none,ci,nu,ñi,sil,da,ru,ja,sil1,po,bu,sil2,,,,,,,,,,,,,,,,,,,,,,,,,,,,,,,,,,,,,,,,,,,,,,,,,,,,,,,,,,,
,,,,,,,s114,A,2024-02-19_20h04.52.495,Unsyncopated_study2,2022.2.5,MacIntel,120.4819277,,,,,,,,,,,,,,,,,,,,,,,,,,,,,,,,,,,,,,,,,,,,,,,,,,,,,,,,,,,,,,,,,,,,,,,,,,,,,,,,,,,,,,,,,,,,,,,,,,,,,,,,,,,,,,,,,,,,,,,,,,,,,,,,,,,,,,,,,,,,,0,1,1,1,1,Online_whenL4//a.lo25.none.wav,none,none,ñi,ja,ru,sil,bo,ci,ña,sil1,de,zi,sil2,,,,,,,,,,,,,,,,,,,,,,,,,,,,,,,,,,,,,,,,,,,,,,,,,,,,,,,,,,,
,,,,,,,s114,A,2024-02-19_20h04.52.495,Unsyncopated_study2,2022.2.5,MacIntel,120.4819277,,,,,,,,,,,,,,,,,,,,,,,,,,,,,,,,,,,,,,,,,,,,,,,,,,,,,,,,,,,,,,,,,,,,,,,,,,,,,,,,,,,,,,,,,,,,,,,,,,,,,,,,,,,,,,,,,,,,,,,,,,,,,,,,,,,,,,,,,,,,,0,2,2,2,1,Online_whenL4//a.lo26.1998.wav,1998,1998,po,ja,bu,sil,ci,pe,ru,sil1,ñi,lo,sil2,,,,,,,,,,,,,,,,,,,,,,,,,,,,,,,,,,,,,,,,,,,,,,,,,,,,,,,,,,,
,,,,,,,s114,A,2024-02-19_20h04.52.495,Unsyncopated_study2,2022.2.5,MacIntel,120.4819277,,,,,,,,,,,,,,,,,,,,,,,,,,,,,,,,,,,,,,,,,,,,,,,,,,,,,,,,,,,,,,,,,,,,,,,,,,,,,,,,,,,,,,,,,,,,,,,,,,,,,,,,,,,,,,,,,,,,,,,,,,,,,,,,,,,,,,,,,,,,"[""space"",""space""]",0,3,3,0,1,Online_whenL4//a.lo24.1776.wav,1776,1776,de,ja,ci,sil,re,ña,po,sil1,lo,bu,sil2,"[0.278399999998328,2.62789999999859]",,,,,,,,,,,,,,,,,,,,,,,,,,,,,,,,,,,,,,,,,,,,,,,,,,,,,,,,,,
,,,,,,,s114,A,2024-02-19_20h04.52.495,Unsyncopated_study2,2022.2.5,MacIntel,120.4819277,,,,,,,,,,,,,,,,,,,,,,,,,,,,,,,,,,,,,,,,,,,,,,,,,,,,,,,,,,,,,,,,,,,,,,,,,,,,,,,,,,,,,,,,,,,,,,,,,,,,,,,,,,,,,,,,,,,,,,,,,,,,,,,,,,,,,,,,,,,,,,,,,,,,,,,,,,,,,,,,,0,14,14,22,1,lo,lo,24:28,green,,,,,,,,,,,,,,,,,,,,,,,,,,,,,,,,,,,,,,,,,,,,,,,,,
,,,,,,,s114,A,2024-02-19_20h04.52.495,Unsyncopated_study2,2022.2.5,MacIntel,120.4819277,,,,,,,,,,,,,,,,,,,,,,,,,,,,,,,,,,,,,,,,,,,,,,,,,,,,,,,,,,,,,,,,,,,,,,,,,,,,,,,,,,,,,,,,,,,,,,,,,,,,,,,,,,,,,,,,,,,,,,,,,,,,,,,,,,,,,,,,,,,,,0,0,0,1,1,Online_whenL4//c.bu9.444.wav,444,444,bo,ja,bu,sil,lo,re,pe,sil1,ci,po,sil2,,,,,,,,,,,,,,,,,,,,,,,,,,,,,,,,,,,,,,,,,,,,,,,,,,,,,,,,,,,
,,,,,,,s114,A,2024-02-19_20h04.52.495,Unsyncopated_study2,2022.2.5,MacIntel,120.4819277,,,,,,,,,,,,,,,,,,,,,,,,,,,,,,,,,,,,,,,,,,,,,,,,,,,,,,,,,,,,,,,,,,,,,,,,,,,,,,,,,,,,,,,,,,,,,,,,,,,,,,,,,,,,,,,,,,,,,,,,,,,,,,,,,,,,,,,,,,,,"[""space""]",0,1,1,0,1,Online_whenL4//c.bu8.444.wav,444,444,nu,bo,bu,sil,ñi,re,zi,sil1,pe,ci,sil2,[1.1961999999994077],,,,,,,,,,,,,,,,,,,,,,,,,,,,,,,,,,,,,,,,,,,,,,,,,,,,,,,,,,
,,,,,,,s114,A,2024-02-19_20h04.52.495,Unsyncopated_study2,2022.2.5,MacIntel,120.4819277,,,,,,,,,,,,,,,,,,,,,,,,,,,,,,,,,,,,,,,,,,,,,,,,,,,,,,,,,,,,,,,,,,,,,,,,,,,,,,,,,,,,,,,,,,,,,,,,,,,,,,,,,,,,,,,,,,,,,,,,,,,,,,,,,,,,,,,,,,,,"[""space""]",0,2,2,2,1,Online_whenL4//c.bu10.0.wav,0,0,bu,ñi,da,sil,ña,ja,re,sil1,nu,ci,sil2,[0.7817999999970198],,,,,,,,,,,,,,,,,,,,,,,,,,,,,,,,,,,,,,,,,,,,,,,,,,,,,,,,,,
,,,,,,,s114,A,2024-02-19_20h04.52.495,Unsyncopated_study2,2022.2.5,MacIntel,120.4819277,,,,,,,,,,,,,,,,,,,,,,,,,,,,,,,,,,,,,,,,,,,,,,,,,,,,,,,,,,,,,,,,,,,,,,,,,,,,,,,,,,,,,,,,,,,,,,,,,,,,,,,,,,,,,,,,,,,,,,,,,,,,,,,,,,,,,,,,,,,,,0,3,3,3,1,Online_whenL4//c.bu11.none.wav,none,none,ña,pe,re,sil,nu,bo,lo,sil1,ci,de,sil2,,,,,,,,,,,,,,,,,,,,,,,,,,,,,,,,,,,,,,,,,,,,,,,,,,,,,,,,,,,
,,,,,,,s114,A,2024-02-19_20h04.52.495,Unsyncopated_study2,2022.2.5,MacIntel,120.4819277,,,,,,,,,,,,,,,,,,,,,,,,,,,,,,,,,,,,,,,,,,,,,,,,,,,,,,,,,,,,,,,,,,,,,,,,,,,,,,,,,,,,,,,,,,,,,,,,,,,,,,,,,,,,,,,,,,,,,,,,,,,,,,,,,,,,,,,,,,,,,,,,,,,,,,,,,,,,,,,,,0,15,15,2,1,bu,bu,80:84,red,,,,,,,,,,,,,,,,,,,,,,,,,,,,,,,,,,,,,,,,,,,,,,,,,
,,,,,,,s114,A,2024-02-19_20h04.52.495,Unsyncopated_study2,2022.2.5,MacIntel,120.4819277,,,,,,,,,,,,,,,,,,,,,,,,,,,,,,,,,,,,,,,,,,,,,,,,,,,,,,,,,,,,,,,,,,,,,,,,,,,,,,,,,,,,,,,,,,,,,,,,,,,,,,,,,,,,,,,,,,,,,,,,,,,,,,,,,,,,,,,,,,,,,0,0,0,0,1,Online_whenL4//c.bu4.none.wav,none,none,ru,ña,ja,sil,ñi,de,ci,sil1,po,zi,sil2,,,,,,,,,,,,,,,,,,,,,,,,,,,,,,,,,,,,,,,,,,,,,,,,,,,,,,,,,,,
,,,,,,,s114,A,2024-02-19_20h04.52.495,Unsyncopated_study2,2022.2.5,MacIntel,120.4819277,,,,,,,,,,,,,,,,,,,,,,,,,,,,,,,,,,,,,,,,,,,,,,,,,,,,,,,,,,,,,,,,,,,,,,,,,,,,,,,,,,,,,,,,,,,,,,,,,,,,,,,,,,,,,,,,,,,,,,,,,,,,,,,,,,,,,,,,,,,,,0,1,1,2,1,Online_whenL4//c.bu6.none.wav,none,none,nu,de,ci,sil,ru,zi,ña,sil1,po,ñi,sil2,,,,,,,,,,,,,,,,,,,,,,,,,,,,,,,,,,,,,,,,,,,,,,,,,,,,,,,,,,,
,,,,,,,s114,A,2024-02-19_20h04.52.495,Unsyncopated_study2,2022.2.5,MacIntel,120.4819277,,,,,,,,,,,,,,,,,,,,,,,,,,,,,,,,,,,,,,,,,,,,,,,,,,,,,,,,,,,,,,,,,,,,,,,,,,,,,,,,,,,,,,,,,,,,,,,,,,,,,,,,,,,,,,,,,,,,,,,,,,,,,,,,,,,,,,,,,,,,,0,2,2,3,1,Online_whenL4//c.bu7.none.wav,none,none,lo,ci,ja,sil,pe,ñi,da,sil1,re,ru,sil2,,,,,,,,,,,,,,,,,,,,,,,,,,,,,,,,,,,,,,,,,,,,,,,,,,,,,,,,,,,
,,,,,,,s114,A,2024-02-19_20h04.52.495,Unsyncopated_study2,2022.2.5,MacIntel,120.4819277,,,,,,,,,,,,,,,,,,,,,,,,,,,,,,,,,,,,,,,,,,,,,,,,,,,,,,,,,,,,,,,,,,,,,,,,,,,,,,,,,,,,,,,,,,,,,,,,,,,,,,,,,,,,,,,,,,,,,,,,,,,,,,,,,,,,,,,,,,,,"[""space""]",0,3,3,1,1,Online_whenL4//c.bu5.444.wav,444,444,ci,ñi,bu,sil,po,nu,ña,sil1,pe,zi,sil2,[1.2545999999979358],,,,,,,,,,,,,,,,,,,,,,,,,,,,,,,,,,,,,,,,,,,,,,,,,,,,,,,,,,
,,,,,,,s114,A,2024-02-19_20h04.52.495,Unsyncopated_study2,2022.2.5,MacIntel,120.4819277,,,,,,,,,,,,,,,,,,,,,,,,,,,,,,,,,,,,,,,,,,,,,,,,,,,,,,,,,,,,,,,,,,,,,,,,,,,,,,,,,,,,,,,,,,,,,,,,,,,,,,,,,,,,,,,,,,,,,,,,,,,,,,,,,,,,,,,,,,,,,,,,,,,,,,,,,,,,,,,,,0,16,16,17,1,bu,bu,76:80,red,,,,,,,,,,,,,,,,,,,,,,,,,,,,,,,,,,,,,,,,,,,,,,,,,
,,,,,,,s114,A,2024-02-19_20h04.52.495,Unsyncopated_study2,2022.2.5,MacIntel,120.4819277,,,,,,,,,,,,,,,,,,,,,,,,,,,,,,,,,,,,,,,,,,,,,,,,,,,,,,,,,,,,,,,,,,,,,,,,,,,,,,,,,,,,,,,,,,,,,,,,,,,,,,,,,,,,,,,,,,,,,,,,,,,,,,,,,,,,,,,,,,,,"[""space""]",0,0,0,2,1,Online_whenL4//d.pe2.none.wav,none,none,ñi,ña,ru,sil,nu,da,po,sil1,de,ja,sil2,[2.008400000002439],,,,,,,,,,,,,,,,,,,,,,,,,,,,,,,,,,,,,,,,,,,,,,,,,,,,,,,,,,
,,,,,,,s114,A,2024-02-19_20h04.52.495,Unsyncopated_study2,2022.2.5,MacIntel,120.4819277,,,,,,,,,,,,,,,,,,,,,,,,,,,,,,,,,,,,,,,,,,,,,,,,,,,,,,,,,,,,,,,,,,,,,,,,,,,,,,,,,,,,,,,,,,,,,,,,,,,,,,,,,,,,,,,,,,,,,,,,,,,,,,,,,,,,,,,,,,,,"[""space""]",0,1,1,3,1,Online_whenL4//d.pe3.888.wav,888,888,nu,bo,de,sil,pe,bu,po,sil1,da,zi,sil2,[1.50289999999859],,,,,,,,,,,,,,,,,,,,,,,,,,,,,,,,,,,,,,,,,,,,,,,,,,,,,,,,,,
,,,,,,,s114,A,2024-02-19_20h04.52.495,Unsyncopated_study2,2022.2.5,MacIntel,120.4819277,,,,,,,,,,,,,,,,,,,,,,,,,,,,,,,,,,,,,,,,,,,,,,,,,,,,,,,,,,,,,,,,,,,,,,,,,,,,,,,,,,,,,,,,,,,,,,,,,,,,,,,,,,,,,,,,,,,,,,,,,,,,,,,,,,,,,,,,,,,,"[""space""]",0,2,2,1,1,Online_whenL4//d.pe1.222.wav,222,222,bo,pe,bu,sil,ja,ña,ru,sil1,ñi,nu,sil2,[0.9672999999970671],,,,,,,,,,,,,,,,,,,,,,,,,,,,,,,,,,,,,,,,,,,,,,,,,,,,,,,,,,
,,,,,,,s114,A,2024-02-19_20h04.52.495,Unsyncopated_study2,2022.2.5,MacIntel,120.4819277,,,,,,,,,,,,,,,,,,,,,,,,,,,,,,,,,,,,,,,,,,,,,,,,,,,,,,,,,,,,,,,,,,,,,,,,,,,,,,,,,,,,,,,,,,,,,,,,,,,,,,,,,,,,,,,,,,,,,,,,,,,,,,,,,,,,,,,,,,,,,0,3,3,0,1,Online_whenL4//d.pe0.none.wav,none,none,ja,zi,ñi,sil,ru,ci,ña,sil1,da,bu,sil2,,,,,,,,,,,,,,,,,,,,,,,,,,,,,,,,,,,,,,,,,,,,,,,,,,,,,,,,,,,
,,,,,,,s114,A,2024-02-19_20h04.52.495,Unsyncopated_study2,2022.2.5,MacIntel,120.4819277,,,,,,,,,,,,,,,,,,,,,,,,,,,,,,,,,,,,,,,,,,,,,,,,,,,,,,,,,,,,,,,,,,,,,,,,,,,,,,,,,,,,,,,,,,,,,,,,,,,,,,,,,,,,,,,,,,,,,,,,,,,,,,,,,,,,,,,,,,,,,,,,,,,,,,,,,,,,,,,,,0,17,17,33,1,pe,pe,104:108,blue,,,,,,,,,,,,,,,,,,,,,,,,,,,,,,,,,,,,,,,,,,,,,,,,,
,,,,,,,s114,A,2024-02-19_20h04.52.495,Unsyncopated_study2,2022.2.5,MacIntel,120.4819277,,,,,,,,,,,,,,,,,,,,,,,,,,,,,,,,,,,,,,,,,,,,,,,,,,,,,,,,,,,,,,,,,,,,,,,,,,,,,,,,,,,,,,,,,,,,,,,,,,,,,,,,,,,,,,,,,,,,,,,,,,,,,,,,,,,,,,,,,,,,,0,0,0,1,1,Online_whenL4//c.bu29.none.wav,none,none,ja,nu,po,sil,da,re,de,sil1,ru,ci,sil2,,,,,,,,,,,,,,,,,,,,,,,,,,,,,,,,,,,,,,,,,,,,,,,,,,,,,,,,,,,
,,,,,,,s114,A,2024-02-19_20h04.52.495,Unsyncopated_study2,2022.2.5,MacIntel,120.4819277,,,,,,,,,,,,,,,,,,,,,,,,,,,,,,,,,,,,,,,,,,,,,,,,,,,,,,,,,,,,,,,,,,,,,,,,,,,,,,,,,,,,,,,,,,,,,,,,,,,,,,,,,,,,,,,,,,,,,,,,,,,,,,,,,,,,,,,,,,,,,0,1,1,0,1,Online_whenL4//c.bu28.1998.wav,1998,1998,ñi,re,ru,sil,ja,zi,ña,sil1,pe,bu,sil2,,,,,,,,,,,,,,,,,,,,,,,,,,,,,,,,,,,,,,,,,,,,,,,,,,,,,,,,,,,
,,,,,,,s114,A,2024-02-19_20h04.52.495,Unsyncopated_study2,2022.2.5,MacIntel,120.4819277,,,,,,,,,,,,,,,,,,,,,,,,,,,,,,,,,,,,,,,,,,,,,,,,,,,,,,,,,,,,,,,,,,,,,,,,,,,,,,,,,,,,,,,,,,,,,,,,,,,,,,,,,,,,,,,,,,,,,,,,,,,,,,,,,,,,,,,,,,,,"[""space""]",0,2,2,2,1,Online_whenL4//c.bu30.none.wav,none,none,ña,ru,lo,sil,bo,ci,ñi,sil1,nu,po,sil2,[0.05999999999994543],,,,,,,,,,,,,,,,,,,,,,,,,,,,,,,,,,,,,,,,,,,,,,,,,,,,,,,,,,
,,,,,,,s114,A,2024-02-19_20h04.52.495,Unsyncopated_study2,2022.2.5,MacIntel,120.4819277,,,,,,,,,,,,,,,,,,,,,,,,,,,,,,,,,,,,,,,,,,,,,,,,,,,,,,,,,,,,,,,,,,,,,,,,,,,,,,,,,,,,,,,,,,,,,,,,,,,,,,,,,,,,,,,,,,,,,,,,,,,,,,,,,,,,,,,,,,,,,0,3,3,3,1,Online_whenL4//c.bu31.none.wav,none,none,ru,bo,ci,sil,lo,po,pe,sil1,zi,ña,sil2,,,,,,,,,,,,,,,,,,,,,,,,,,,,,,,,,,,,,,,,,,,,,,,,,,,,,,,,,,,
,,,,,,,s114,A,2024-02-19_20h04.52.495,Unsyncopated_study2,2022.2.5,MacIntel,120.4819277,,,,,,,,,,,,,,,,,,,,,,,,,,,,,,,,,,,,,,,,,,,,,,,,,,,,,,,,,,,,,,,,,,,,,,,,,,,,,,,,,,,,,,,,,,,,,,,,,,,,,,,,,,,,,,,,,,,,,,,,,,,,,,,,,,,,,,,,,,,,,,,,,,,,,,,,,,,,,,,,,0,18,18,15,1,bu,bu,100:104,red,,,,,,,,,,,,,,,,,,,,,,,,,,,,,,,,,,,,,,,,,,,,,,,,,
,,,,,,,s114,A,2024-02-19_20h04.52.495,Unsyncopated_study2,2022.2.5,MacIntel,120.4819277,,,,,,,,,,,,,,,,,,,,,,,,,,,,,,,,,,,,,,,,,,,,,,,,,,,,,,,,,,,,,,,,,,,,,,,,,,,,,,,,,,,,,,,,,,,,,,,,,,,,,,,,,,,,,,,,,,,,,,,,,,,,,,,,,,,,,,,,,,,,,0,0,0,2,1,Online_whenL4//b.ja2.none.wav,none,none,ci,ru,zi,sil,da,de,pe,sil1,re,lo,sil2,,,,,,,,,,,,,,,,,,,,,,,,,,,,,,,,,,,,,,,,,,,,,,,,,,,,,,,,,,,
,,,,,,,s114,A,2024-02-19_20h04.52.495,Unsyncopated_study2,2022.2.5,MacIntel,120.4819277,,,,,,,,,,,,,,,,,,,,,,,,,,,,,,,,,,,,,,,,,,,,,,,,,,,,,,,,,,,,,,,,,,,,,,,,,,,,,,,,,,,,,,,,,,,,,,,,,,,,,,,,,,,,,,,,,,,,,,,,,,,,,,,,,,,,,,,,,,,,"[""space""]",0,1,1,0,1,Online_whenL4//b.ja0.222.wav,222,222,re,ja,da,sil,ci,ru,bo,sil1,bu,lo,sil2,[0.9181000000016866],,,,,,,,,,,,,,,,,,,,,,,,,,,,,,,,,,,,,,,,,,,,,,,,,,,,,,,,,,
,,,,,,,s114,A,2024-02-19_20h04.52.495,Unsyncopated_study2,2022.2.5,MacIntel,120.4819277,,,,,,,,,,,,,,,,,,,,,,,,,,,,,,,,,,,,,,,,,,,,,,,,,,,,,,,,,,,,,,,,,,,,,,,,,,,,,,,,,,,,,,,,,,,,,,,,,,,,,,,,,,,,,,,,,,,,,,,,,,,,,,,,,,,,,,,,,,,,,0,2,2,3,1,Online_whenL4//b.ja3.none.wav,none,none,nu,da,po,sil,ru,zi,bu,sil1,re,ña,sil2,,,,,,,,,,,,,,,,,,,,,,,,,,,,,,,,,,,,,,,,,,,,,,,,,,,,,,,,,,,
,,,,,,,s114,A,2024-02-19_20h04.52.495,Unsyncopated_study2,2022.2.5,MacIntel,120.4819277,,,,,,,,,,,,,,,,,,,,,,,,,,,,,,,,,,,,,,,,,,,,,,,,,,,,,,,,,,,,,,,,,,,,,,,,,,,,,,,,,,,,,,,,,,,,,,,,,,,,,,,,,,,,,,,,,,,,,,,,,,,,,,,,,,,,,,,,,,,,,0,3,3,1,1,Online_whenL4//b.ja1.none.wav,none,none,lo,re,po,sil,bu,de,ña,sil1,da,nu,sil2,,,,,,,,,,,,,,,,,,,,,,,,,,,,,,,,,,,,,,,,,,,,,,,,,,,,,,,,,,,
,,,,,,,s114,A,2024-02-19_20h04.52.495,Unsyncopated_study2,2022.2.5,MacIntel,120.4819277,,,,,,,,,,,,,,,,,,,,,,,,,,,,,,,,,,,,,,,,,,,,,,,,,,,,,,,,,,,,,,,,,,,,,,,,,,,,,,,,,,,,,,,,,,,,,,,,,,,,,,,,,,,,,,,,,,,,,,,,,,,,,,,,,,,,,,,,,,,,,,,,,,,,,,,,,,,,,,,,,0,19,19,21,1,ja,ja,36:40,orange,,,,,,,,,,,,,,,,,,,,,,,,,,,,,,,,,,,,,,,,,,,,,,,,,
,,,,,,,s114,A,2024-02-19_20h04.52.495,Unsyncopated_study2,2022.2.5,MacIntel,120.4819277,,,,,,,,,,,,,,,,,,,,,,,,,,,,,,,,,,,,,,,,,,,,,,,,,,,,,,,,,,,,,,,,,,,,,,,,,,,,,,,,,,,,,,,,,,,,,,,,,,,,,,,,,,,,,,,,,,,,,,,,,,,,,,,,,,,,,,,,,,,,"[""space""]",0,0,0,3,1,Online_whenL4//b.ja11.444.wav,444,444,po,da,ja,sil,nu,ru,bo,sil1,pe,de,sil2,[1.0751000000013846],,,,,,,,,,,,,,,,,,,,,,,,,,,,,,,,,,,,,,,,,,,,,,,,,,,,,,,,,,
,,,,,,,s114,A,2024-02-19_20h04.52.495,Unsyncopated_study2,2022.2.5,MacIntel,120.4819277,,,,,,,,,,,,,,,,,,,,,,,,,,,,,,,,,,,,,,,,,,,,,,,,,,,,,,,,,,,,,,,,,,,,,,,,,,,,,,,,,,,,,,,,,,,,,,,,,,,,,,,,,,,,,,,,,,,,,,,,,,,,,,,,,,,,,,,,,,,,"[""space""]",0,1,1,1,1,Online_whenL4//b.ja9.0.wav,0,0,ja,ci,re,sil,de,zi,pe,sil1,po,bu,sil2,[0.8181000000017775],,,,,,,,,,,,,,,,,,,,,,,,,,,,,,,,,,,,,,,,,,,,,,,,,,,,,,,,,,
,,,,,,,s114,A,2024-02-19_20h04.52.495,Unsyncopated_study2,2022.2.5,MacIntel,120.4819277,,,,,,,,,,,,,,,,,,,,,,,,,,,,,,,,,,,,,,,,,,,,,,,,,,,,,,,,,,,,,,,,,,,,,,,,,,,,,,,,,,,,,,,,,,,,,,,,,,,,,,,,,,,,,,,,,,,,,,,,,,,,,,,,,,,,,,,,,,,,,0,2,2,2,1,Online_whenL4//b.ja10.none.wav,none,none,bu,lo,pe,sil,zi,po,ru,sil1,ci,de,sil2,,,,,,,,,,,,,,,,,,,,,,,,,,,,,,,,,,,,,,,,,,,,,,,,,,,,,,,,,,,
,,,,,,,s114,A,2024-02-19_20h04.52.495,Unsyncopated_study2,2022.2.5,MacIntel,120.4819277,,,,,,,,,,,,,,,,,,,,,,,,,,,,,,,,,,,,,,,,,,,,,,,,,,,,,,,,,,,,,,,,,,,,,,,,,,,,,,,,,,,,,,,,,,,,,,,,,,,,,,,,,,,,,,,,,,,,,,,,,,,,,,,,,,,,,,,,,,,,,0,3,3,0,1,Online_whenL4//b.ja8.1998.wav,1998,1998,nu,de,da,sil,re,pe,ña,sil1,bu,ja,sil2,,,,,,,,,,,,,,,,,,,,,,,,,,,,,,,,,,,,,,,,,,,,,,,,,,,,,,,,,,,
,,,,,,,s114,A,2024-02-19_20h04.52.495,Unsyncopated_study2,2022.2.5,MacIntel,120.4819277,,,,,,,,,,,,,,,,,,,,,,,,,,,,,,,,,,,,,,,,,,,,,,,,,,,,,,,,,,,,,,,,,,,,,,,,,,,,,,,,,,,,,,,,,,,,,,,,,,,,,,,,,,,,,,,,,,,,,,,,,,,,,,,,,,,,,,,,,,,,,,,,,,,,,,,,,,,,,,,,,0,20,20,13,1,ja,ja,44:48,orange,,,,,,,,,,,,,,,,,,,,,,,,,,,,,,,,,,,,,,,,,,,,,,,,,
,,,,,,,s114,A,2024-02-19_20h04.52.495,Unsyncopated_study2,2022.2.5,MacIntel,120.4819277,,,,,,,,,,,,,,,,,,,,,,,,,,,,,,,,,,,,,,,,,,,,,,,,,,,,,,,,,,,,,,,,,,,,,,,,,,,,,,,,,,,,,,,,,,,,,,,,,,,,,,,,,,,,,,,,,,,,,,,,,,,,,,,,,,,,,,,,,,,,"[""space"",""space""]",0,0,0,1,1,Online_whenL4//a.lo33.888.wav,888,888,ñi,bu,nu,sil,lo,de,ña,sil1,ci,po,sil2,"[0.005899999998291605,1.6313999999983935]",,,,,,,,,,,,,,,,,,,,,,,,,,,,,,,,,,,,,,,,,,,,,,,,,,,,,,,,,,
,,,,,,,s114,A,2024-02-19_20h04.52.495,Unsyncopated_study2,2022.2.5,MacIntel,120.4819277,,,,,,,,,,,,,,,,,,,,,,,,,,,,,,,,,,,,,,,,,,,,,,,,,,,,,,,,,,,,,,,,,,,,,,,,,,,,,,,,,,,,,,,,,,,,,,,,,,,,,,,,,,,,,,,,,,,,,,,,,,,,,,,,,,,,,,,,,,,,"[""space""]",0,1,1,0,1,Online_whenL4//a.lo32.1776.wav,1776,1776,bu,pe,ru,sil,ñi,po,ci,sil1,lo,ja,sil2,[2.4939000000022133],,,,,,,,,,,,,,,,,,,,,,,,,,,,,,,,,,,,,,,,,,,,,,,,,,,,,,,,,,
,,,,,,,s114,A,2024-02-19_20h04.52.495,Unsyncopated_study2,2022.2.5,MacIntel,120.4819277,,,,,,,,,,,,,,,,,,,,,,,,,,,,,,,,,,,,,,,,,,,,,,,,,,,,,,,,,,,,,,,,,,,,,,,,,,,,,,,,,,,,,,,,,,,,,,,,,,,,,,,,,,,,,,,,,,,,,,,,,,,,,,,,,,,,,,,,,,,,,0,2,2,2,1,Online_whenL4//a.lo34.0.wav,0,0,lo,po,ña,sil,de,ci,pe,sil1,ñi,nu,sil2,,,,,,,,,,,,,,,,,,,,,,,,,,,,,,,,,,,,,,,,,,,,,,,,,,,,,,,,,,,
,,,,,,,s114,A,2024-02-19_20h04.52.495,Unsyncopated_study2,2022.2.5,MacIntel,120.4819277,,,,,,,,,,,,,,,,,,,,,,,,,,,,,,,,,,,,,,,,,,,,,,,,,,,,,,,,,,,,,,,,,,,,,,,,,,,,,,,,,,,,,,,,,,,,,,,,,,,,,,,,,,,,,,,,,,,,,,,,,,,,,,,,,,,,,,,,,,,,,0,3,3,3,1,Online_whenL4//a.lo35.none.wav,none,none,zi,pe,ru,sil,bu,ñi,ja,sil1,ña,po,sil2,,,,,,,,,,,,,,,,,,,,,,,,,,,,,,,,,,,,,,,,,,,,,,,,,,,,,,,,,,,
,,,,,,,s114,A,2024-02-19_20h04.52.495,Unsyncopated_study2,2022.2.5,MacIntel,120.4819277,,,,,,,,,,,,,,,,,,,,,,,,,,,,,,,,,,,,,,,,,,,,,,,,,,,,,,,,,,,,,,,,,,,,,,,,,,,,,,,,,,,,,,,,,,,,,,,,,,,,,,,,,,,,,,,,,,,,,,,,,,,,,,,,,,,,,,,,,,,,,,,,,,,,,,,,,,,,,,,,,0,21,21,30,1,lo,lo,32:36,green,,,,,,,,,,,,,,,,,,,,,,,,,,,,,,,,,,,,,,,,,,,,,,,,,
,,,,,,,s114,A,2024-02-19_20h04.52.495,Unsyncopated_study2,2022.2.5,MacIntel,120.4819277,,,,,,,,,,,,,,,,,,,,,,,,,,,,,,,,,,,,,,,,,,,,,,,,,,,,,,,,,,,,,,,,,,,,,,,,,,,,,,,,,,,,,,,,,,,,,,,,,,,,,,,,,,,,,,,,,,,,,,,,,,,,,,,,,,,,,,,,,,,,,0,0,0,2,1,Online_whenL4//a.lo30.none.wav,none,none,de,re,ru,sil,pe,ñi,zi,sil1,bo,nu,sil2,,,,,,,,,,,,,,,,,,,,,,,,,,,,,,,,,,,,,,,,,,,,,,,,,,,,,,,,,,,
,,,,,,,s114,A,2024-02-19_20h04.52.495,Unsyncopated_study2,2022.2.5,MacIntel,120.4819277,,,,,,,,,,,,,,,,,,,,,,,,,,,,,,,,,,,,,,,,,,,,,,,,,,,,,,,,,,,,,,,,,,,,,,,,,,,,,,,,,,,,,,,,,,,,,,,,,,,,,,,,,,,,,,,,,,,,,,,,,,,,,,,,,,,,,,,,,,,,"[""space""]",0,1,1,0,1,Online_whenL4//a.lo28.1110.wav,1110,1110,ña,nu,da,sil,ci,lo,po,sil1,re,pe,sil2,[0.1547000000027765],,,,,,,,,,,,,,,,,,,,,,,,,,,,,,,,,,,,,,,,,,,,,,,,,,,,,,,,,,
,,,,,,,s114,A,2024-02-19_20h04.52.495,Unsyncopated_study2,2022.2.5,MacIntel,120.4819277,,,,,,,,,,,,,,,,,,,,,,,,,,,,,,,,,,,,,,,,,,,,,,,,,,,,,,,,,,,,,,,,,,,,,,,,,,,,,,,,,,,,,,,,,,,,,,,,,,,,,,,,,,,,,,,,,,,,,,,,,,,,,,,,,,,,,,,,,,,,,0,2,2,3,1,Online_whenL4//a.lo31.none.wav,none,none,re,de,zi,sil,ru,pe,da,sil1,ci,nu,sil2,,,,,,,,,,,,,,,,,,,,,,,,,,,,,,,,,,,,,,,,,,,,,,,,,,,,,,,,,,,
,,,,,,,s114,A,2024-02-19_20h04.52.495,Unsyncopated_study2,2022.2.5,MacIntel,120.4819277,,,,,,,,,,,,,,,,,,,,,,,,,,,,,,,,,,,,,,,,,,,,,,,,,,,,,,,,,,,,,,,,,,,,,,,,,,,,,,,,,,,,,,,,,,,,,,,,,,,,,,,,,,,,,,,,,,,,,,,,,,,,,,,,,,,,,,,,,,,,,0,3,3,1,1,Online_whenL4//a.lo29.none.wav,none,none,pe,ña,ru,sil,de,zi,ñi,sil1,nu,re,sil2,,,,,,,,,,,,,,,,,,,,,,,,,,,,,,,,,,,,,,,,,,,,,,,,,,,,,,,,,,,
,,,,,,,s114,A,2024-02-19_20h04.52.495,Unsyncopated_study2,2022.2.5,MacIntel,120.4819277,,,,,,,,,,,,,,,,,,,,,,,,,,,,,,,,,,,,,,,,,,,,,,,,,,,,,,,,,,,,,,,,,,,,,,,,,,,,,,,,,,,,,,,,,,,,,,,,,,,,,,,,,,,,,,,,,,,,,,,,,,,,,,,,,,,,,,,,,,,,,,,,,,,,,,,,,,,,,,,,,0,22,22,3,1,lo,lo,28:32,green,,,,,,,,,,,,,,,,,,,,,,,,,,,,,,,,,,,,,,,,,,,,,,,,,
,,,,,,,s114,A,2024-02-19_20h04.52.495,Unsyncopated_study2,2022.2.5,MacIntel,120.4819277,,,,,,,,,,,,,,,,,,,,,,,,,,,,,,,,,,,,,,,,,,,,,,,,,,,,,,,,,,,,,,,,,,,,,,,,,,,,,,,,,,,,,,,,,,,,,,,,,,,,,,,,,,,,,,,,,,,,,,,,,,,,,,,,,,,,,,,,,,,,,0,0,0,1,1,Online_whenL4//a.lo1.none.wav,none,none,nu,ja,ci,sil,bo,ña,de,sil1,po,re,sil2,,,,,,,,,,,,,,,,,,,,,,,,,,,,,,,,,,,,,,,,,,,,,,,,,,,,,,,,,,,
,,,,,,,s114,A,2024-02-19_20h04.52.495,Unsyncopated_study2,2022.2.5,MacIntel,120.4819277,,,,,,,,,,,,,,,,,,,,,,,,,,,,,,,,,,,,,,,,,,,,,,,,,,,,,,,,,,,,,,,,,,,,,,,,,,,,,,,,,,,,,,,,,,,,,,,,,,,,,,,,,,,,,,,,,,,,,,,,,,,,,,,,,,,,,,,,,,,,"[""space""]",0,1,1,2,1,Online_whenL4//a.lo2.444.wav,444,444,ñi,bu,lo,sil,da,pe,ña,sil1,zi,bo,sil2,[1.227699999999004],,,,,,,,,,,,,,,,,,,,,,,,,,,,,,,,,,,,,,,,,,,,,,,,,,,,,,,,,,
,,,,,,,s114,A,2024-02-19_20h04.52.495,Unsyncopated_study2,2022.2.5,MacIntel,120.4819277,,,,,,,,,,,,,,,,,,,,,,,,,,,,,,,,,,,,,,,,,,,,,,,,,,,,,,,,,,,,,,,,,,,,,,,,,,,,,,,,,,,,,,,,,,,,,,,,,,,,,,,,,,,,,,,,,,,,,,,,,,,,,,,,,,,,,,,,,,,,,0,2,2,0,1,Online_whenL4//a.lo0.none.wav,none,none,ru,pe,ci,sil,zi,ja,da,sil1,ñi,ña,sil2,,,,,,,,,,,,,,,,,,,,,,,,,,,,,,,,,,,,,,,,,,,,,,,,,,,,,,,,,,,
,,,,,,,s114,A,2024-02-19_20h04.52.495,Unsyncopated_study2,2022.2.5,MacIntel,120.4819277,,,,,,,,,,,,,,,,,,,,,,,,,,,,,,,,,,,,,,,,,,,,,,,,,,,,,,,,,,,,,,,,,,,,,,,,,,,,,,,,,,,,,,,,,,,,,,,,,,,,,,,,,,,,,,,,,,,,,,,,,,,,,,,,,,,,,,,,,,,,,0,3,3,3,1,Online_whenL4//a.lo3.none.wav,none,none,ci,nu,ja,sil,re,ña,ru,sil1,po,bo,sil2,,,,,,,,,,,,,,,,,,,,,,,,,,,,,,,,,,,,,,,,,,,,,,,,,,,,,,,,,,,
,,,,,,,s114,A,2024-02-19_20h04.52.495,Unsyncopated_study2,2022.2.5,MacIntel,120.4819277,,,,,,,,,,,,,,,,,,,,,,,,,,,,,,,,,,,,,,,,,,,,,,,,,,,,,,,,,,,,,,,,,,,,,,,,,,,,,,,,,,,,,,,,,,,,,,,,,,,,,,,,,,,,,,,,,,,,,,,,,,,,,,,,,,,,,,,,,,,,,,,,,,,,,,,,,,,,,,,,,0,23,23,9,1,lo,lo,0:4,green,,,,,,,,,,,,,,,,,,,,,,,,,,,,,,,,,,,,,,,,,,,,,,,,,
,,,,,,,s114,A,2024-02-19_20h04.52.495,Unsyncopated_study2,2022.2.5,MacIntel,120.4819277,,,,,,,,,,,,,,,,,,,,,,,,,,,,,,,,,,,,,,,,,,,,,,,,,,,,,,,,,,,,,,,,,,,,,,,,,,,,,,,,,,,,,,,,,,,,,,,,,,,,,,,,,,,,,,,,,,,,,,,,,,,,,,,,,,,,,,,,,,,,"[""space""]",0,0,0,0,1,Online_whenL4//b.ja16.1110.wav,1110,1110,re,ci,bu,sil,de,ja,ru,sil1,pe,nu,sil2,[1.7456000000011045],,,,,,,,,,,,,,,,,,,,,,,,,,,,,,,,,,,,,,,,,,,,,,,,,,,,,,,,,,
,,,,,,,s114,A,2024-02-19_20h04.52.495,Unsyncopated_study2,2022.2.5,MacIntel,120.4819277,,,,,,,,,,,,,,,,,,,,,,,,,,,,,,,,,,,,,,,,,,,,,,,,,,,,,,,,,,,,,,,,,,,,,,,,,,,,,,,,,,,,,,,,,,,,,,,,,,,,,,,,,,,,,,,,,,,,,,,,,,,,,,,,,,,,,,,,,,,,,0,1,1,1,1,Online_whenL4//b.ja17.none.wav,none,none,pe,ru,ñi,sil,zi,lo,re,sil1,de,bu,sil2,,,,,,,,,,,,,,,,,,,,,,,,,,,,,,,,,,,,,,,,,,,,,,,,,,,,,,,,,,,
,,,,,,,s114,A,2024-02-19_20h04.52.495,Unsyncopated_study2,2022.2.5,MacIntel,120.4819277,,,,,,,,,,,,,,,,,,,,,,,,,,,,,,,,,,,,,,,,,,,,,,,,,,,,,,,,,,,,,,,,,,,,,,,,,,,,,,,,,,,,,,,,,,,,,,,,,,,,,,,,,,,,,,,,,,,,,,,,,,,,,,,,,,,,,,,,,,,,,0,2,2,2,1,Online_whenL4//b.ja18.none.wav,none,none,bo,re,ru,sil,de,lo,zi,sil1,ci,ña,sil2,,,,,,,,,,,,,,,,,,,,,,,,,,,,,,,,,,,,,,,,,,,,,,,,,,,,,,,,,,,
,,,,,,,s114,A,2024-02-19_20h04.52.495,Unsyncopated_study2,2022.2.5,MacIntel,120.4819277,,,,,,,,,,,,,,,,,,,,,,,,,,,,,,,,,,,,,,,,,,,,,,,,,,,,,,,,,,,,,,,,,,,,,,,,,,,,,,,,,,,,,,,,,,,,,,,,,,,,,,,,,,,,,,,,,,,,,,,,,,,,,,,,,,,,,,,,,,,,,0,3,3,3,1,Online_whenL4//b.ja19.none.wav,none,none,ñi,da,nu,sil,ña,bo,de,sil1,po,lo,sil2,,,,,,,,,,,,,,,,,,,,,,,,,,,,,,,,,,,,,,,,,,,,,,,,,,,,,,,,,,,
,,,,,,,s114,A,2024-02-19_20h04.52.495,Unsyncopated_study2,2022.2.5,MacIntel,120.4819277,,,,,,,,,,,,,,,,,,,,,,,,,,,,,,,,,,,,,,,,,,,,,,,,,,,,,,,,,,,,,,,,,,,,,,,,,,,,,,,,,,,,,,,,,,,,,,,,,,,,,,,,,,,,,,,,,,,,,,,,,,,,,,,,,,,,,,,,,,,,,,,,,,,,,,,,,,,,,,,,,0,24,24,27,1,ja,ja,52:56,orange,,,,,,,,,,,,,,,,,,,,,,,,,,,,,,,,,,,,,,,,,,,,,,,,,
,,,,,,,s114,A,2024-02-19_20h04.52.495,Unsyncopated_study2,2022.2.5,MacIntel,120.4819277,,,,,,,,,,,,,,,,,,,,,,,,,,,,,,,,,,,,,,,,,,,,,,,,,,,,,,,,,,,,,,,,,,,,,,,,,,,,,,,,,,,,,,,,,,,,,,,,,,,,,,,,,,,,,,,,,,,,,,,,,,,,,,,,,,,,,,,,,,,,"[""space""]",0,0,0,1,1,Online_whenL4//c.bu25.222.wav,222,222,ña,bu,de,sil,da,po,lo,sil1,ja,pe,sil2,[0.9473000000007232],,,,,,,,,,,,,,,,,,,,,,,,,,,,,,,,,,,,,,,,,,,,,,,,,,,,,,,,,,
,,,,,,,s114,A,2024-02-19_20h04.52.495,Unsyncopated_study2,2022.2.5,MacIntel,120.4819277,,,,,,,,,,,,,,,,,,,,,,,,,,,,,,,,,,,,,,,,,,,,,,,,,,,,,,,,,,,,,,,,,,,,,,,,,,,,,,,,,,,,,,,,,,,,,,,,,,,,,,,,,,,,,,,,,,,,,,,,,,,,,,,,,,,,,,,,,,,,,0,1,1,0,1,Online_whenL4//c.bu24.1998.wav,1998,1998,lo,po,ci,sil,nu,re,ñi,sil1,pe,bu,sil2,,,,,,,,,,,,,,,,,,,,,,,,,,,,,,,,,,,,,,,,,,,,,,,,,,,,,,,,,,,
,,,,,,,s114,A,2024-02-19_20h04.52.495,Unsyncopated_study2,2022.2.5,MacIntel,120.4819277,,,,,,,,,,,,,,,,,,,,,,,,,,,,,,,,,,,,,,,,,,,,,,,,,,,,,,,,,,,,,,,,,,,,,,,,,,,,,,,,,,,,,,,,,,,,,,,,,,,,,,,,,,,,,,,,,,,,,,,,,,,,,,,,,,,,,,,,,,,,"[""space""]",0,2,2,2,1,Online_whenL4//c.bu26.none.wav,none,none,po,da,ña,sil,zi,ru,lo,sil1,ci,re,sil2,[0.0625],,,,,,,,,,,,,,,,,,,,,,,,,,,,,,,,,,,,,,,,,,,,,,,,,,,,,,,,,,
,,,,,,,s114,A,2024-02-19_20h04.52.495,Unsyncopated_study2,2022.2.5,MacIntel,120.4819277,,,,,,,,,,,,,,,,,,,,,,,,,,,,,,,,,,,,,,,,,,,,,,,,,,,,,,,,,,,,,,,,,,,,,,,,,,,,,,,,,,,,,,,,,,,,,,,,,,,,,,,,,,,,,,,,,,,,,,,,,,,,,,,,,,,,,,,,,,,,"[""space""]",0,3,3,3,1,Online_whenL4//c.bu27.0.wav,0,0,bu,de,zi,sil,ja,da,ru,sil1,bo,po,sil2,[0.758900000002086],,,,,,,,,,,,,,,,,,,,,,,,,,,,,,,,,,,,,,,,,,,,,,,,,,,,,,,,,,
,,,,,,,s114,A,2024-02-19_20h04.52.495,Unsyncopated_study2,2022.2.5,MacIntel,120.4819277,,,,,,,,,,,,,,,,,,,,,,,,,,,,,,,,,,,,,,,,,,,,,,,,,,,,,,,,,,,,,,,,,,,,,,,,,,,,,,,,,,,,,,,,,,,,,,,,,,,,,,,,,,,,,,,,,,,,,,,,,,,,,,,,,,,,,,,,,,,,,,,,,,,,,,,,,,,,,,,,,0,25,25,11,1,bu,bu,96:100,red,,,,,,,,,,,,,,,,,,,,,,,,,,,,,,,,,,,,,,,,,,,,,,,,,
,,,,,,,s114,A,2024-02-19_20h04.52.495,Unsyncopated_study2,2022.2.5,MacIntel,120.4819277,,,,,,,,,,,,,,,,,,,,,,,,,,,,,,,,,,,,,,,,,,,,,,,,,,,,,,,,,,,,,,,,,,,,,,,,,,,,,,,,,,,,,,,,,,,,,,,,,,,,,,,,,,,,,,,,,,,,,,,,,,,,,,,,,,,,,,,,,,,,,0,0,0,3,1,Online_whenL4//d.pe11.none.wav,none,none,re,da,zi,sil,bu,lo,ña,sil1,ci,po,sil2,,,,,,,,,,,,,,,,,,,,,,,,,,,,,,,,,,,,,,,,,,,,,,,,,,,,,,,,,,,
,,,,,,,s114,A,2024-02-19_20h04.52.495,Unsyncopated_study2,2022.2.5,MacIntel,120.4819277,,,,,,,,,,,,,,,,,,,,,,,,,,,,,,,,,,,,,,,,,,,,,,,,,,,,,,,,,,,,,,,,,,,,,,,,,,,,,,,,,,,,,,,,,,,,,,,,,,,,,,,,,,,,,,,,,,,,,,,,,,,,,,,,,,,,,,,,,,,,,0,1,1,0,1,Online_whenL4//d.pe8.1998.wav,1998,1998,bo,ru,ña,sil,nu,ñi,ja,sil1,po,pe,sil2,,,,,,,,,,,,,,,,,,,,,,,,,,,,,,,,,,,,,,,,,,,,,,,,,,,,,,,,,,,
,,,,,,,s114,A,2024-02-19_20h04.52.495,Unsyncopated_study2,2022.2.5,MacIntel,120.4819277,,,,,,,,,,,,,,,,,,,,,,,,,,,,,,,,,,,,,,,,,,,,,,,,,,,,,,,,,,,,,,,,,,,,,,,,,,,,,,,,,,,,,,,,,,,,,,,,,,,,,,,,,,,,,,,,,,,,,,,,,,,,,,,,,,,,,,,,,,,,"[""space""]",0,2,2,1,1,Online_whenL4//d.pe9.none.wav,none,none,de,bu,da,sil,zi,ña,nu,sil1,ci,re,sil2,[0.019199999999273132],,,,,,,,,,,,,,,,,,,,,,,,,,,,,,,,,,,,,,,,,,,,,,,,,,,,,,,,,,
,,,,,,,s114,A,2024-02-19_20h04.52.495,Unsyncopated_study2,2022.2.5,MacIntel,120.4819277,,,,,,,,,,,,,,,,,,,,,,,,,,,,,,,,,,,,,,,,,,,,,,,,,,,,,,,,,,,,,,,,,,,,,,,,,,,,,,,,,,,,,,,,,,,,,,,,,,,,,,,,,,,,,,,,,,,,,,,,,,,,,,,,,,,,,,,,,,,,"[""space""]",0,3,3,2,1,Online_whenL4//d.pe10.888.wav,888,888,da,zi,po,sil,pe,lo,ru,sil1,ci,re,sil2,[1.6051999999995132],,,,,,,,,,,,,,,,,,,,,,,,,,,,,,,,,,,,,,,,,,,,,,,,,,,,,,,,,,
,,,,,,,s114,A,2024-02-19_20h04.52.495,Unsyncopated_study2,2022.2.5,MacIntel,120.4819277,,,,,,,,,,,,,,,,,,,,,,,,,,,,,,,,,,,,,,,,,,,,,,,,,,,,,,,,,,,,,,,,,,,,,,,,,,,,,,,,,,,,,,,,,,,,,,,,,,,,,,,,,,,,,,,,,,,,,,,,,,,,,,,,,,,,,,,,,,,,,,,,,,,,,,,,,,,,,,,,,0,26,26,25,1,pe,pe,112:116,blue,,,,,,,,,,,,,,,,,,,,,,,,,,,,,,,,,,,,,,,,,,,,,,,,,
,,,,,,,s114,A,2024-02-19_20h04.52.495,Unsyncopated_study2,2022.2.5,MacIntel,120.4819277,,,,,,,,,,,,,,,,,,,,,,,,,,,,,,,,,,,,,,,,,,,,,,,,,,,,,,,,,,,,,,,,,,,,,,,,,,,,,,,,,,,,,,,,,,,,,,,,,,,,,,,,,,,,,,,,,,,,,,,,,,,,,,,,,,,,,,,,,,,,"[""space""]",0,0,0,1,1,Online_whenL4//a.lo13.1776.wav,1776,1776,re,ña,ru,sil,ci,ja,ñi,sil1,lo,pe,sil2,[2.5278000000007523],,,,,,,,,,,,,,,,,,,,,,,,,,,,,,,,,,,,,,,,,,,,,,,,,,,,,,,,,,
,,,,,,,s114,A,2024-02-19_20h04.52.495,Unsyncopated_study2,2022.2.5,MacIntel,120.4819277,,,,,,,,,,,,,,,,,,,,,,,,,,,,,,,,,,,,,,,,,,,,,,,,,,,,,,,,,,,,,,,,,,,,,,,,,,,,,,,,,,,,,,,,,,,,,,,,,,,,,,,,,,,,,,,,,,,,,,,,,,,,,,,,,,,,,,,,,,,,,0,1,1,0,1,Online_whenL4//a.lo12.none.wav,none,none,nu,bu,zi,sil,ñi,bo,ci,sil1,ru,ña,sil2,,,,,,,,,,,,,,,,,,,,,,,,,,,,,,,,,,,,,,,,,,,,,,,,,,,,,,,,,,,
,,,,,,,s114,A,2024-02-19_20h04.52.495,Unsyncopated_study2,2022.2.5,MacIntel,120.4819277,,,,,,,,,,,,,,,,,,,,,,,,,,,,,,,,,,,,,,,,,,,,,,,,,,,,,,,,,,,,,,,,,,,,,,,,,,,,,,,,,,,,,,,,,,,,,,,,,,,,,,,,,,,,,,,,,,,,,,,,,,,,,,,,,,,,,,,,,,,,,0,2,2,2,1,Online_whenL4//a.lo14.none.wav,none,none,bu,ru,nu,sil,zi,bo,pe,sil1,da,ñi,sil2,,,,,,,,,,,,,,,,,,,,,,,,,,,,,,,,,,,,,,,,,,,,,,,,,,,,,,,,,,,
,,,,,,,s114,A,2024-02-19_20h04.52.495,Unsyncopated_study2,2022.2.5,MacIntel,120.4819277,,,,,,,,,,,,,,,,,,,,,,,,,,,,,,,,,,,,,,,,,,,,,,,,,,,,,,,,,,,,,,,,,,,,,,,,,,,,,,,,,,,,,,,,,,,,,,,,,,,,,,,,,,,,,,,,,,,,,,,,,,,,,,,,,,,,,,,,,,,,"[""space""]",0,3,3,3,1,Online_whenL4//a.lo15.1776.wav,1776,1776,de,pe,da,sil,ñi,po,re,sil1,lo,ja,sil2,[2.5294000000021697],,,,,,,,,,,,,,,,,,,,,,,,,,,,,,,,,,,,,,,,,,,,,,,,,,,,,,,,,,
,,,,,,,s114,A,2024-02-19_20h04.52.495,Unsyncopated_study2,2022.2.5,MacIntel,120.4819277,,,,,,,,,,,,,,,,,,,,,,,,,,,,,,,,,,,,,,,,,,,,,,,,,,,,,,,,,,,,,,,,,,,,,,,,,,,,,,,,,,,,,,,,,,,,,,,,,,,,,,,,,,,,,,,,,,,,,,,,,,,,,,,,,,,,,,,,,,,,,,,,,,,,,,,,,,,,,,,,,0,27,27,12,1,lo,lo,12:16,green,,,,,,,,,,,,,,,,,,,,,,,,,,,,,,,,,,,,,,,,,,,,,,,,,
,,,,,,,s114,A,2024-02-19_20h04.52.495,Unsyncopated_study2,2022.2.5,MacIntel,120.4819277,,,,,,,,,,,,,,,,,,,,,,,,,,,,,,,,,,,,,,,,,,,,,,,,,,,,,,,,,,,,,,,,,,,,,,,,,,,,,,,,,,,,,,,,,,,,,,,,,,,,,,,,,,,,,,,,,,,,,,,,,,,,,,,,,,,,,,,,,,,,"[""space""]",0,0,0,1,1,Online_whenL4//c.bu21.1332.wav,1332,1332,zi,pe,ci,sil,ña,nu,bu,sil1,bo,ru,sil2,[2.154800000000705],,,,,,,,,,,,,,,,,,,,,,,,,,,,,,,,,,,,,,,,,,,,,,,,,,,,,,,,,,
,,,,,,,s114,A,2024-02-19_20h04.52.495,Unsyncopated_study2,2022.2.5,MacIntel,120.4819277,,,,,,,,,,,,,,,,,,,,,,,,,,,,,,,,,,,,,,,,,,,,,,,,,,,,,,,,,,,,,,,,,,,,,,,,,,,,,,,,,,,,,,,,,,,,,,,,,,,,,,,,,,,,,,,,,,,,,,,,,,,,,,,,,,,,,,,,,,,,"[""space""]",0,1,1,2,1,Online_whenL4//c.bu22.none.wav,none,none,nu,ci,ña,sil,re,ñi,ru,sil1,zi,pe,sil2,[0.7036999999995714],,,,,,,,,,,,,,,,,,,,,,,,,,,,,,,,,,,,,,,,,,,,,,,,,,,,,,,,,,
,,,,,,,s114,A,2024-02-19_20h04.52.495,Unsyncopated_study2,2022.2.5,MacIntel,120.4819277,,,,,,,,,,,,,,,,,,,,,,,,,,,,,,,,,,,,,,,,,,,,,,,,,,,,,,,,,,,,,,,,,,,,,,,,,,,,,,,,,,,,,,,,,,,,,,,,,,,,,,,,,,,,,,,,,,,,,,,,,,,,,,,,,,,,,,,,,,,,,0,2,2,3,1,Online_whenL4//c.bu23.none.wav,none,none,ña,nu,pe,sil,ru,ja,bo,sil1,re,ñi,sil2,,,,,,,,,,,,,,,,,,,,,,,,,,,,,,,,,,,,,,,,,,,,,,,,,,,,,,,,,,,
,,,,,,,s114,A,2024-02-19_20h04.52.495,Unsyncopated_study2,2022.2.5,MacIntel,120.4819277,,,,,,,,,,,,,,,,,,,,,,,,,,,,,,,,,,,,,,,,,,,,,,,,,,,,,,,,,,,,,,,,,,,,,,,,,,,,,,,,,,,,,,,,,,,,,,,,,,,,,,,,,,,,,,,,,,,,,,,,,,,,,,,,,,,,,,,,,,,,"[""space""]",0,3,3,0,1,Online_whenL4//c.bu20.1332.wav,1332,1332,lo,re,ru,sil,ña,de,bu,sil1,zi,ci,sil2,[2.2024999999998727],,,,,,,,,,,,,,,,,,,,,,,,,,,,,,,,,,,,,,,,,,,,,,,,,,,,,,,,,,
,,,,,,,s114,A,2024-02-19_20h04.52.495,Unsyncopated_study2,2022.2.5,MacIntel,120.4819277,,,,,,,,,,,,,,,,,,,,,,,,,,,,,,,,,,,,,,,,,,,,,,,,,,,,,,,,,,,,,,,,,,,,,,,,,,,,,,,,,,,,,,,,,,,,,,,,,,,,,,,,,,,,,,,,,,,,,,,,,,,,,,,,,,,,,,,,,,,,,,,,,,,,,,,,,,,,,,,,,0,28,28,31,1,bu,bu,92:96,red,,,,,,,,,,,,,,,,,,,,,,,,,,,,,,,,,,,,,,,,,,,,,,,,,
,,,,,,,s114,A,2024-02-19_20h04.52.495,Unsyncopated_study2,2022.2.5,MacIntel,120.4819277,,,,,,,,,,,,,,,,,,,,,,,,,,,,,,,,,,,,,,,,,,,,,,,,,,,,,,,,,,,,,,,,,,,,,,,,,,,,,,,,,,,,,,,,,,,,,,,,,,,,,,,,,,,,,,,,,,,,,,,,,,,,,,,,,,,,,,,,,,,,,0,0,0,0,1,Online_whenL4//b.ja4.none.wav,none,none,ñi,nu,ru,sil,po,de,da,sil1,re,lo,sil2,,,,,,,,,,,,,,,,,,,,,,,,,,,,,,,,,,,,,,,,,,,,,,,,,,,,,,,,,,,
,,,,,,,s114,A,2024-02-19_20h04.52.495,Unsyncopated_study2,2022.2.5,MacIntel,120.4819277,,,,,,,,,,,,,,,,,,,,,,,,,,,,,,,,,,,,,,,,,,,,,,,,,,,,,,,,,,,,,,,,,,,,,,,,,,,,,,,,,,,,,,,,,,,,,,,,,,,,,,,,,,,,,,,,,,,,,,,,,,,,,,,,,,,,,,,,,,,,,0,1,1,1,1,Online_whenL4//b.ja5.none.wav,none,none,re,pe,ña,sil,bu,po,ci,sil1,lo,nu,sil2,,,,,,,,,,,,,,,,,,,,,,,,,,,,,,,,,,,,,,,,,,,,,,,,,,,,,,,,,,,
,,,,,,,s114,A,2024-02-19_20h04.52.495,Unsyncopated_study2,2022.2.5,MacIntel,120.4819277,,,,,,,,,,,,,,,,,,,,,,,,,,,,,,,,,,,,,,,,,,,,,,,,,,,,,,,,,,,,,,,,,,,,,,,,,,,,,,,,,,,,,,,,,,,,,,,,,,,,,,,,,,,,,,,,,,,,,,,,,,,,,,,,,,,,,,,,,,,,,0,2,2,3,1,Online_whenL4//b.ja7.none.wav,none,none,de,bo,zi,sil,ru,pe,da,sil1,po,nu,sil2,,,,,,,,,,,,,,,,,,,,,,,,,,,,,,,,,,,,,,,,,,,,,,,,,,,,,,,,,,,
,,,,,,,s114,A,2024-02-19_20h04.52.495,Unsyncopated_study2,2022.2.5,MacIntel,120.4819277,,,,,,,,,,,,,,,,,,,,,,,,,,,,,,,,,,,,,,,,,,,,,,,,,,,,,,,,,,,,,,,,,,,,,,,,,,,,,,,,,,,,,,,,,,,,,,,,,,,,,,,,,,,,,,,,,,,,,,,,,,,,,,,,,,,,,,,,,,,,"[""space""]",0,3,3,2,1,Online_whenL4//b.ja6.1332.wav,1332,1332,pe,ña,de,sil,bo,ci,ja,sil1,lo,po,sil2,[2.0946000000017193],,,,,,,,,,,,,,,,,,,,,,,,,,,,,,,,,,,,,,,,,,,,,,,,,,,,,,,,,,
,,,,,,,s114,A,2024-02-19_20h04.52.495,Unsyncopated_study2,2022.2.5,MacIntel,120.4819277,,,,,,,,,,,,,,,,,,,,,,,,,,,,,,,,,,,,,,,,,,,,,,,,,,,,,,,,,,,,,,,,,,,,,,,,,,,,,,,,,,,,,,,,,,,,,,,,,,,,,,,,,,,,,,,,,,,,,,,,,,,,,,,,,,,,,,,,,,,,,,,,,,,,,,,,,,,,,,,,,0,29,29,23,1,ja,ja,40:44,orange,,,,,,,,,,,,,,,,,,,,,,,,,,,,,,,,,,,,,,,,,,,,,,,,,
,,,,,,,s114,A,2024-02-19_20h04.52.495,Unsyncopated_study2,2022.2.5,MacIntel,120.4819277,,,,,,,,,,,,,,,,,,,,,,,,,,,,,,,,,,,,,,,,,,,,,,,,,,,,,,,,,,,,,,,,,,,,,,,,,,,,,,,,,,,,,,,,,,,,,,,,,,,,,,,,,,,,,,,,,,,,,,,,,,,,,,,,,,,,,,,,,,,,"[""space""]",0,0,0,3,1,Online_whenL4//d.pe23.444.wav,444,444,po,ja,pe,sil,de,ru,re,sil1,lo,bo,sil2,[1.1151999999992768],,,,,,,,,,,,,,,,,,,,,,,,,,,,,,,,,,,,,,,,,,,,,,,,,,,,,,,,,,
,,,,,,,s114,A,2024-02-19_20h04.52.495,Unsyncopated_study2,2022.2.5,MacIntel,120.4819277,,,,,,,,,,,,,,,,,,,,,,,,,,,,,,,,,,,,,,,,,,,,,,,,,,,,,,,,,,,,,,,,,,,,,,,,,,,,,,,,,,,,,,,,,,,,,,,,,,,,,,,,,,,,,,,,,,,,,,,,,,,,,,,,,,,,,,,,,,,,,0,1,1,0,1,Online_whenL4//d.pe20.none.wav,none,none,bu,lo,po,sil,ru,ñi,ja,sil1,ña,de,sil2,,,,,,,,,,,,,,,,,,,,,,,,,,,,,,,,,,,,,,,,,,,,,,,,,,,,,,,,,,,
,,,,,,,s114,A,2024-02-19_20h04.52.495,Unsyncopated_study2,2022.2.5,MacIntel,120.4819277,,,,,,,,,,,,,,,,,,,,,,,,,,,,,,,,,,,,,,,,,,,,,,,,,,,,,,,,,,,,,,,,,,,,,,,,,,,,,,,,,,,,,,,,,,,,,,,,,,,,,,,,,,,,,,,,,,,,,,,,,,,,,,,,,,,,,,,,,,,,,0,2,2,1,1,Online_whenL4//d.pe21.none.wav,none,none,ci,lo,bu,sil,ña,po,ja,sil1,bo,ru,sil2,,,,,,,,,,,,,,,,,,,,,,,,,,,,,,,,,,,,,,,,,,,,,,,,,,,,,,,,,,,
,,,,,,,s114,A,2024-02-19_20h04.52.495,Unsyncopated_study2,2022.2.5,MacIntel,120.4819277,,,,,,,,,,,,,,,,,,,,,,,,,,,,,,,,,,,,,,,,,,,,,,,,,,,,,,,,,,,,,,,,,,,,,,,,,,,,,,,,,,,,,,,,,,,,,,,,,,,,,,,,,,,,,,,,,,,,,,,,,,,,,,,,,,,,,,,,,,,,"[""space""]",0,3,3,2,1,Online_whenL4//d.pe22.0.wav,0,0,pe,zi,ña,sil,lo,ci,ñi,sil1,re,da,sil2,[0.6418999999987136],,,,,,,,,,,,,,,,,,,,,,,,,,,,,,,,,,,,,,,,,,,,,,,,,,,,,,,,,,
,,,,,,,s114,A,2024-02-19_20h04.52.495,Unsyncopated_study2,2022.2.5,MacIntel,120.4819277,,,,,,,,,,,,,,,,,,,,,,,,,,,,,,,,,,,,,,,,,,,,,,,,,,,,,,,,,,,,,,,,,,,,,,,,,,,,,,,,,,,,,,,,,,,,,,,,,,,,,,,,,,,,,,,,,,,,,,,,,,,,,,,,,,,,,,,,,,,,,,,,,,,,,,,,,,,,,,,,,0,30,30,4,1,pe,pe,124:128,blue,,,,,,,,,,,,,,,,,,,,,,,,,,,,,,,,,,,,,,,,,,,,,,,,,
,,,,,,,s114,A,2024-02-19_20h04.52.495,Unsyncopated_study2,2022.2.5,MacIntel,120.4819277,,,,,,,,,,,,,,,,,,,,,,,,,,,,,,,,,,,,,,,,,,,,,,,,,,,,,,,,,,,,,,,,,,,,,,,,,,,,,,,,,,,,,,,,,,,,,,,,,,,,,,,,,,,,,,,,,,,,,,,,,,,,,,,,,,,,,,,,,,,,,0,0,0,1,1,Online_whenL4//d.pe13.none.wav,none,none,da,ja,nu,sil,ru,ci,ñi,sil1,bu,po,sil2,,,,,,,,,,,,,,,,,,,,,,,,,,,,,,,,,,,,,,,,,,,,,,,,,,,,,,,,,,,
,,,,,,,s114,A,2024-02-19_20h04.52.495,Unsyncopated_study2,2022.2.5,MacIntel,120.4819277,,,,,,,,,,,,,,,,,,,,,,,,,,,,,,,,,,,,,,,,,,,,,,,,,,,,,,,,,,,,,,,,,,,,,,,,,,,,,,,,,,,,,,,,,,,,,,,,,,,,,,,,,,,,,,,,,,,,,,,,,,,,,,,,,,,,,,,,,,,,,0,1,1,2,1,Online_whenL4//d.pe14.none.wav,none,none,po,ña,bu,sil,de,ru,nu,sil1,ci,zi,sil2,,,,,,,,,,,,,,,,,,,,,,,,,,,,,,,,,,,,,,,,,,,,,,,,,,,,,,,,,,,
,,,,,,,s114,A,2024-02-19_20h04.52.495,Unsyncopated_study2,2022.2.5,MacIntel,120.4819277,,,,,,,,,,,,,,,,,,,,,,,,,,,,,,,,,,,,,,,,,,,,,,,,,,,,,,,,,,,,,,,,,,,,,,,,,,,,,,,,,,,,,,,,,,,,,,,,,,,,,,,,,,,,,,,,,,,,,,,,,,,,,,,,,,,,,,,,,,,,"[""space""]",0,2,2,3,1,Online_whenL4//d.pe15.888.wav,888,888,po,lo,de,sil,pe,ja,bo,sil1,ña,bu,sil2,[1.5620999999978267],,,,,,,,,,,,,,,,,,,,,,,,,,,,,,,,,,,,,,,,,,,,,,,,,,,,,,,,,,
,,,,,,,s114,A,2024-02-19_20h04.52.495,Unsyncopated_study2,2022.2.5,MacIntel,120.4819277,,,,,,,,,,,,,,,,,,,,,,,,,,,,,,,,,,,,,,,,,,,,,,,,,,,,,,,,,,,,,,,,,,,,,,,,,,,,,,,,,,,,,,,,,,,,,,,,,,,,,,,,,,,,,,,,,,,,,,,,,,,,,,,,,,,,,,,,,,,,,0,3,3,0,1,Online_whenL4//d.pe12.none.wav,none,none,ru,zi,ñi,sil,bu,de,ña,sil1,lo,re,sil2,,,,,,,,,,,,,,,,,,,,,,,,,,,,,,,,,,,,,,,,,,,,,,,,,,,,,,,,,,,
,,,,,,,s114,A,2024-02-19_20h04.52.495,Unsyncopated_study2,2022.2.5,MacIntel,120.4819277,,,,,,,,,,,,,,,,,,,,,,,,,,,,,,,,,,,,,,,,,,,,,,,,,,,,,,,,,,,,,,,,,,,,,,,,,,,,,,,,,,,,,,,,,,,,,,,,,,,,,,,,,,,,,,,,,,,,,,,,,,,,,,,,,,,,,,,,,,,,,,,,,,,,,,,,,,,,,,,,,0,31,31,14,1,pe,pe,116:120,blue,,,,,,,,,,,,,,,,,,,,,,,,,,,,,,,,,,,,,,,,,,,,,,,,,
,,,,,,,s114,A,2024-02-19_20h04.52.495,Unsyncopated_study2,2022.2.5,MacIntel,120.4819277,,,,,,,,,,,,,,,,,,,,,,,,,,,,,,,,,,,,,,,,,,,,,,,,,,,,,,,,,,,,,,,,,,,,,,,,,,,,,,,,,,,,,,,,,,,,,,,,,,,,,,,,,,,,,,,,,,,,,,,,,,,,,,,,,,,,,,,,,,,,,0,0,0,2,1,Online_whenL4//a.lo18.none.wav,none,none,re,ñi,de,sil,nu,bo,ña,sil1,ru,zi,sil2,,,,,,,,,,,,,,,,,,,,,,,,,,,,,,,,,,,,,,,,,,,,,,,,,,,,,,,,,,,
,,,,,,,s114,A,2024-02-19_20h04.52.495,Unsyncopated_study2,2022.2.5,MacIntel,120.4819277,,,,,,,,,,,,,,,,,,,,,,,,,,,,,,,,,,,,,,,,,,,,,,,,,,,,,,,,,,,,,,,,,,,,,,,,,,,,,,,,,,,,,,,,,,,,,,,,,,,,,,,,,,,,,,,,,,,,,,,,,,,,,,,,,,,,,,,,,,,,,0,1,1,0,1,Online_whenL4//a.lo16.none.wav,none,none,po,bu,re,sil,ja,pe,zi,sil1,da,ña,sil2,,,,,,,,,,,,,,,,,,,,,,,,,,,,,,,,,,,,,,,,,,,,,,,,,,,,,,,,,,,
,,,,,,,s114,A,2024-02-19_20h04.52.495,Unsyncopated_study2,2022.2.5,MacIntel,120.4819277,,,,,,,,,,,,,,,,,,,,,,,,,,,,,,,,,,,,,,,,,,,,,,,,,,,,,,,,,,,,,,,,,,,,,,,,,,,,,,,,,,,,,,,,,,,,,,,,,,,,,,,,,,,,,,,,,,,,,,,,,,,,,,,,,,,,,,,,,,,,"[""space""]",0,2,2,3,1,Online_whenL4//a.lo19.0.wav,0,0,lo,ru,po,sil,pe,bu,re,sil1,nu,bo,sil2,[0.6948999999985972],,,,,,,,,,,,,,,,,,,,,,,,,,,,,,,,,,,,,,,,,,,,,,,,,,,,,,,,,,
,,,,,,,s114,A,2024-02-19_20h04.52.495,Unsyncopated_study2,2022.2.5,MacIntel,120.4819277,,,,,,,,,,,,,,,,,,,,,,,,,,,,,,,,,,,,,,,,,,,,,,,,,,,,,,,,,,,,,,,,,,,,,,,,,,,,,,,,,,,,,,,,,,,,,,,,,,,,,,,,,,,,,,,,,,,,,,,,,,,,,,,,,,,,,,,,,,,,"[""space""]",0,3,3,1,1,Online_whenL4//a.lo17.888.wav,888,888,ci,de,re,sil,lo,ru,da,sil1,ñi,zi,sil2,[1.6351000000017848],,,,,,,,,,,,,,,,,,,,,,,,,,,,,,,,,,,,,,,,,,,,,,,,,,,,,,,,,,
,,,,,,,s114,A,2024-02-19_20h04.52.495,Unsyncopated_study2,2022.2.5,MacIntel,120.4819277,,,,,,,,,,,,,,,,,,,,,,,,,,,,,,,,,,,,,,,,,,,,,,,,,,,,,,,,,,,,,,,,,,,,,,,,,,,,,,,,,,,,,,,,,,,,,,,,,,,,,,,,,,,,,,,,,,,,,,,,,,,,,,,,,,,,,,,,,,,,,,,,,,,,,,,,,,,,,,,,,0,32,32,32,1,lo,lo,16:20,green,,,,,,,,,,,,,,,,,,,,,,,,,,,,,,,,,,,,,,,,,,,,,,,,,
,,,,,,,s114,A,2024-02-19_20h04.52.495,Unsyncopated_study2,2022.2.5,MacIntel,120.4819277,,,,,,,,,,,,,,,,,,,,,,,,,,,,,,,,,,,,,,,,,,,,,,,,,,,,,,,,,,,,,,,,,,,,,,,,,,,,,,,,,,,,,,,,,,,,,,,,,,,,,,,,,,,,,,,,,,,,,,,,,,,,,,,,,,,,,,,,,,,,"[""space""]",0,0,0,3,1,Online_whenL4//b.ja15.444.wav,444,444,da,ci,ja,sil,bo,ru,pe,sil1,zi,bu,sil2,[1.109399999998459],,,,,,,,,,,,,,,,,,,,,,,,,,,,,,,,,,,,,,,,,,,,,,,,,,,,,,,,,,
,,,,,,,s114,A,2024-02-19_20h04.52.495,Unsyncopated_study2,2022.2.5,MacIntel,120.4819277,,,,,,,,,,,,,,,,,,,,,,,,,,,,,,,,,,,,,,,,,,,,,,,,,,,,,,,,,,,,,,,,,,,,,,,,,,,,,,,,,,,,,,,,,,,,,,,,,,,,,,,,,,,,,,,,,,,,,,,,,,,,,,,,,,,,,,,,,,,,"[""space""]",0,1,1,0,1,Online_whenL4//b.ja12.444.wav,444,444,nu,ñi,ja,sil,pe,da,ña,sil1,re,ru,sil2,[1.1323999999985972],,,,,,,,,,,,,,,,,,,,,,,,,,,,,,,,,,,,,,,,,,,,,,,,,,,,,,,,,,
,,,,,,,s114,A,2024-02-19_20h04.52.495,Unsyncopated_study2,2022.2.5,MacIntel,120.4819277,,,,,,,,,,,,,,,,,,,,,,,,,,,,,,,,,,,,,,,,,,,,,,,,,,,,,,,,,,,,,,,,,,,,,,,,,,,,,,,,,,,,,,,,,,,,,,,,,,,,,,,,,,,,,,,,,,,,,,,,,,,,,,,,,,,,,,,,,,,,,0,2,2,1,1,Online_whenL4//b.ja13.none.wav,none,none,bo,de,ña,sil,re,bu,lo,sil1,pe,zi,sil2,,,,,,,,,,,,,,,,,,,,,,,,,,,,,,,,,,,,,,,,,,,,,,,,,,,,,,,,,,,
,,,,,,,s114,A,2024-02-19_20h04.52.495,Unsyncopated_study2,2022.2.5,MacIntel,120.4819277,,,,,,,,,,,,,,,,,,,,,,,,,,,,,,,,,,,,,,,,,,,,,,,,,,,,,,,,,,,,,,,,,,,,,,,,,,,,,,,,,,,,,,,,,,,,,,,,,,,,,,,,,,,,,,,,,,,,,,,,,,,,,,,,,,,,,,,,,,,,"[""space"",""space""]",0,3,3,2,1,Online_whenL4//b.ja14.888.wav,888,888,zi,ña,po,sil,ja,bu,de,sil1,bo,ru,sil2,"[1.4776999999994587,1.734400000002097]",,,,,,,,,,,,,,,,,,,,,,,,,,,,,,,,,,,,,,,,,,,,,,,,,,,,,,,,,,
,,,,,,,s114,A,2024-02-19_20h04.52.495,Unsyncopated_study2,2022.2.5,MacIntel,120.4819277,,,,,,,,,,,,,,,,,,,,,,,,,,,,,,,,,,,,,,,,,,,,,,,,,,,,,,,,,,,,,,,,,,,,,,,,,,,,,,,,,,,,,,,,,,,,,,,,,,,,,,,,,,,,,,,,,,,,,,,,,,,,,,,,,,,,,,,,,,,,,,,,,,,,,,,,,,,,,,,,,0,33,33,19,1,ja,ja,48:52,orange,,,,,,,,,,,,,,,,,,,,,,,,,,,,,,,,,,,,,,,,,,,,,,,,,
,,,,,,,s114,A,2024-02-19_20h04.52.495,Unsyncopated_study2,2022.2.5,MacIntel,120.4819277,,,,,,,,,,,,,,,,,,,,,,,,,,,,,,,,,,,,,,,,,,,,,,,,,,,,,,,,,,,,,,,,,,,,,,,,,,,,,,,,,,,,,,,,,,,,,,,,,,,,,,,,,,,,,,,,,,,,,,,,,,,,,,,,,,,,,,,,,,,,,,,,,,,,,zi,ru,da,sil,lo,bu,ci,sil1,ñi,re,sil2,,,,,,,,,,,space,2.1558,space,1.6182,z,0.0268,7,0.7703,0,0,0,9,1,testWhenL4Uns//r1.s1.1.wav,,,,,,,,,,,,,,,,,,,,,,,,,,,,,,,,,,,
,,,,,,,s114,A,2024-02-19_20h04.52.495,Unsyncopated_study2,2022.2.5,MacIntel,120.4819277,,,,,,,,,,,,,,,,,,,,,,,,,,,,,,,,,,,,,,,,,,,,,,,,,,,,,,,,,,,,,,,,,,,,,,,,,,,,,,,,,,,,,,,,,,,,,,,,,,,,,,,,,,,,,,,,,,,,,,,,,,,,,,,,,,,,,,,,,,,,,,,,,,,,,da,re,ña,sil,zi,ru,ci,sil1,po,bu,sil2,,,,,,,,,,,,,,,z,0.3248,5,1.0026,0,1,1,5,1,testWhenL4Uns//dep_viol.r1.s2.0.wav,,,,,,,,,,,,,,,,,,,,,,,,,,,,,,,,,,,
,,,,,,,s114,A,2024-02-19_20h04.52.495,Unsyncopated_study2,2022.2.5,MacIntel,120.4819277,,,,,,,,,,,,,,,,,,,,,,,,,,,,,,,,,,,,,,,,,,,,,,,,,,,,,,,,,,,,,,,,,,,,,,,,,,,,,,,,,,,,,,,,,,,,,,,,,,,,,,,,,,,,,,,,,,,,,,,,,,,,,,,,,,,,,,,,,,,,,,,,,,,,,ci,ñi,ña,sil,ja,pe,re,sil1,nu,po,sil2,,,,,,,,,,,,,,,z,0.2883,6,0.4576,0,2,2,18,1,testWhenL4Uns//r2.s2.1.wav,,,,,,,,,,,,,,,,,,,,,,,,,,,,,,,,,,,
,,,,,,,s114,A,2024-02-19_20h04.52.495,Unsyncopated_study2,2022.2.5,MacIntel,120.4819277,,,,,,,,,,,,,,,,,,,,,,,,,,,,,,,,,,,,,,,,,,,,,,,,,,,,,,,,,,,,,,,,,,,,,,,,,,,,,,,,,,,,,,,,,,,,,,,,,,,,,,,,,,,,,,,,,,,,,,,,,,,,,,,,,,,,,,,,,,,,,,,,,,,,,zi,ci,da,sil,lo,ru,re,sil1,bu,ña,sil2,,,,,,,,,,,,,,,z,0.3554,6,0.7598,0,3,3,10,1,testWhenL4Uns//r1.s1.2.wav,,,,,,,,,,,,,,,,,,,,,,,,,,,,,,,,,,,
,,,,,,,s114,A,2024-02-19_20h04.52.495,Unsyncopated_study2,2022.2.5,MacIntel,120.4819277,,,,,,,,,,,,,,,,,,,,,,,,,,,,,,,,,,,,,,,,,,,,,,,,,,,,,,,,,,,,,,,,,,,,,,,,,,,,,,,,,,,,,,,,,,,,,,,,,,,,,,,,,,,,,,,,,,,,,,,,,,,,,,,,,,,,,,,,,,,,,,,,,,,,,ja,bu,ci,sil,nu,ña,de,sil1,po,pe,sil2,,,,,,,,,,,,,,,z,0.5215,5,0.3298,0,4,4,15,1,testWhenL4Uns//r2.s1.1.wav,,,,,,,,,,,,,,,,,,,,,,,,,,,,,,,,,,,
,,,,,,,s114,A,2024-02-19_20h04.52.495,Unsyncopated_study2,2022.2.5,MacIntel,120.4819277,,,,,,,,,,,,,,,,,,,,,,,,,,,,,,,,,,,,,,,,,,,,,,,,,,,,,,,,,,,,,,,,,,,,,,,,,,,,,,,,,,,,,,,,,,,,,,,,,,,,,,,,,,,,,,,,,,,,,,,,,,,,,,,,,,,,,,,,,,,,,,,,,,,,,ja,da,ñi,sil,nu,po,ci,sil1,bo,pe,sil2,,,,,,,,,,,,,,,m,0.5021,5,1.387,0,5,5,14,1,testWhenL4Uns//r2.s1.0.wav,,,,,,,,,,,,,,,,,,,,,,,,,,,,,,,,,,,
,,,,,,,s114,A,2024-02-19_20h04.52.495,Unsyncopated_study2,2022.2.5,MacIntel,120.4819277,,,,,,,,,,,,,,,,,,,,,,,,,,,,,,,,,,,,,,,,,,,,,,,,,,,,,,,,,,,,,,,,,,,,,,,,,,,,,,,,,,,,,,,,,,,,,,,,,,,,,,,,,,,,,,,,,,,,,,,,,,,,,,,,,,,,,,,,,,,,,,,,,,,,,ja,ña,bo,sil,bu,pe,ñi,sil1,po,ru,sil2,,,,,,,,,,,,,,,m,0.7034,3,1.4663,0,6,6,6,1,testWhenL4Uns//dep_viol.r2.s1.0.wav,,,,,,,,,,,,,,,,,,,,,,,,,,,,,,,,,,,
,,,,,,,s114,A,2024-02-19_20h04.52.495,Unsyncopated_study2,2022.2.5,MacIntel,120.4819277,,,,,,,,,,,,,,,,,,,,,,,,,,,,,,,,,,,,,,,,,,,,,,,,,,,,,,,,,,,,,,,,,,,,,,,,,,,,,,,,,,,,,,,,,,,,,,,,,,,,,,,,,,,,,,,,,,,,,,,,,,,,,,,,,,,,,,,,,,,,,,,,,,,,,ja,pe,bo,sil,nu,bu,da,sil1,de,ña,sil2,,,,,,,,,,,,,,,m,0.3177,6,0.5772,0,7,7,16,1,testWhenL4Uns//r2.s1.2.wav,,,,,,,,,,,,,,,,,,,,,,,,,,,,,,,,,,,
,,,,,,,s114,A,2024-02-19_20h04.52.495,Unsyncopated_study2,2022.2.5,MacIntel,120.4819277,,,,,,,,,,,,,,,,,,,,,,,,,,,,,,,,,,,,,,,,,,,,,,,,,,,,,,,,,,,,,,,,,,,,,,,,,,,,,,,,,,,,,,,,,,,,,,,,,,,,,,,,,,,,,,,,,,,,,,,,,,,,,,,,,,,,,,,,,,,,,,,,,,,,,ñi,ci,ru,sil,bu,zi,ña,sil1,bo,lo,sil2,,,,,,,,,,,,,,,m,0.3664,6,0.7257,0,8,8,21,1,testWhenL4Uns//time_viol.r1.s2.0.wav,,,,,,,,,,,,,,,,,,,,,,,,,,,,,,,,,,,
,,,,,,,s114,A,2024-02-19_20h04.52.495,Unsyncopated_study2,2022.2.5,MacIntel,120.4819277,,,,,,,,,,,,,,,,,,,,,,,,,,,,,,,,,,,,,,,,,,,,,,,,,,,,,,,,,,,,,,,,,,,,,,,,,,,,,,,,,,,,,,,,,,,,,,,,,,,,,,,,,,,,,,,,,,,,,,,,,,,,,,,,,,,,,,,,,,,,,,,,,,,,,lo,da,de,sil,zi,pe,ci,sil1,ru,re,sil2,,,,,,,,,,,,,,,z,0.2985,7,0.5444,0,9,9,0,1,testWhenL4Uns//cat_viol.r1.s1.0.wav,,,,,,,,,,,,,,,,,,,,,,,,,,,,,,,,,,,
,,,,,,,s114,A,2024-02-19_20h04.52.495,Unsyncopated_study2,2022.2.5,MacIntel,120.4819277,,,,,,,,,,,,,,,,,,,,,,,,,,,,,,,,,,,,,,,,,,,,,,,,,,,,,,,,,,,,,,,,,,,,,,,,,,,,,,,,,,,,,,,,,,,,,,,,,,,,,,,,,,,,,,,,,,,,,,,,,,,,,,,,,,,,,,,,,,,,,,,,,,,,,nu,bo,ci,sil,ja,da,pe,sil1,re,ru,sil2,,,,,,,,,,,,,,,z,0.262,7,0.2436,0,10,10,2,1,testWhenL4Uns//cat_viol.r2.s1.0.wav,,,,,,,,,,,,,,,,,,,,,,,,,,,,,,,,,,,
,,,,,,,s114,A,2024-02-19_20h04.52.495,Unsyncopated_study2,2022.2.5,MacIntel,120.4819277,,,,,,,,,,,,,,,,,,,,,,,,,,,,,,,,,,,,,,,,,,,,,,,,,,,,,,,,,,,,,,,,,,,,,,,,,,,,,,,,,,,,,,,,,,,,,,,,,,,,,,,,,,,,,,,,,,,,,,,,,,,,,,,,,,,,,,,,,,,,,,,,,,,,,ru,re,bu,sil,zi,ñi,ña,sil1,lo,ci,sil2,,,,,,,,,,,,,,,z,0.3258,5,0.4677,0,11,11,11,1,testWhenL4Uns//r1.s2.0.wav,,,,,,,,,,,,,,,,,,,,,,,,,,,,,,,,,,,
,,,,,,,s114,A,2024-02-19_20h04.52.495,Unsyncopated_study2,2022.2.5,MacIntel,120.4819277,,,,,,,,,,,,,,,,,,,,,,,,,,,,,,,,,,,,,,,,,,,,,,,,,,,,,,,,,,,,,,,,,,,,,,,,,,,,,,,,,,,,,,,,,,,,,,,,,,,,,,,,,,,,,,,,,,,,,,,,,,,,,,,,,,,,,,,,,,,,,,,,,,,,,po,zi,bo,sil,da,lo,ci,sil1,ru,de,sil2,,,,,,,,,,,,,,,m,0.3198,6,1.0932,0,12,12,20,1,testWhenL4Uns//time_viol.r1.s1.0.wav,,,,,,,,,,,,,,,,,,,,,,,,,,,,,,,,,,,
,,,,,,,s114,A,2024-02-19_20h04.52.495,Unsyncopated_study2,2022.2.5,MacIntel,120.4819277,,,,,,,,,,,,,,,,,,,,,,,,,,,,,,,,,,,,,,,,,,,,,,,,,,,,,,,,,,,,,,,,,,,,,,,,,,,,,,,,,,,,,,,,,,,,,,,,,,,,,,,,,,,,,,,,,,,,,,,,,,,,,,,,,,,,,,,,,,,,,,,,,,,,,ñi,ci,ru,sil,lo,de,bu,sil1,zi,ña,sil2,,,,,,,,,,,,,,,m,1.5111,6,0.5992,0,13,13,1,1,testWhenL4Uns//cat_viol.r1.s2.0.wav,,,,,,,,,,,,,,,,,,,,,,,,,,,,,,,,,,,
,,,,,,,s114,A,2024-02-19_20h04.52.495,Unsyncopated_study2,2022.2.5,MacIntel,120.4819277,,,,,,,,,,,,,,,,,,,,,,,,,,,,,,,,,,,,,,,,,,,,,,,,,,,,,,,,,,,,,,,,,,,,,,,,,,,,,,,,,,,,,,,,,,,,,,,,,,,,,,,,,,,,,,,,,,,,,,,,,,,,,,,,,,,,,,,,,,,,,,,,,,,,,de,ja,po,sil,pe,nu,ru,sil1,ci,bo,sil2,,,,,,,,,,,,,,,z,0.3747,6,0.5838,0,14,14,22,1,testWhenL4Uns//time_viol.r2.s1.0.wav,,,,,,,,,,,,,,,,,,,,,,,,,,,,,,,,,,,
,,,,,,,s114,A,2024-02-19_20h04.52.495,Unsyncopated_study2,2022.2.5,MacIntel,120.4819277,,,,,,,,,,,,,,,,,,,,,,,,,,,,,,,,,,,,,,,,,,,,,,,,,,,,,,,,,,,,,,,,,,,,,,,,,,,,,,,,,,,,,,,,,,,,,,,,,,,,,,,,,,,,,,,,,,,,,,,,,,,,,,,,,,,,,,,,,,,,,,,,,,,,,zi,bo,da,sil,ña,pe,de,sil1,ci,re,sil2,,,,,,,,,,,,,,,z,0.2917,6,0.2096,0,15,15,4,1,testWhenL4Uns//dep_viol.r1.s1.0.wav,,,,,,,,,,,,,,,,,,,,,,,,,,,,,,,,,,,
,,,,,,,s114,A,2024-02-19_20h04.52.495,Unsyncopated_study2,2022.2.5,MacIntel,120.4819277,,,,,,,,,,,,,,,,,,,,,,,,,,,,,,,,,,,,,,,,,,,,,,,,,,,,,,,,,,,,,,,,,,,,,,,,,,,,,,,,,,,,,,,,,,,,,,,,,,,,,,,,,,,,,,,,,,,,,,,,,,,,,,,,,,,,,,,,,,,,,,,,,,,,,ñi,da,bu,sil,ja,pe,ña,sil1,nu,ci,sil2,,,,,,,,,,,,,,,z,0.6038,6,0.4928,0,16,16,19,1,testWhenL4Uns//r2.s2.2.wav,,,,,,,,,,,,,,,,,,,,,,,,,,,,,,,,,,,
,,,,,,,s114,A,2024-02-19_20h04.52.495,Unsyncopated_study2,2022.2.5,MacIntel,120.4819277,,,,,,,,,,,,,,,,,,,,,,,,,,,,,,,,,,,,,,,,,,,,,,,,,,,,,,,,,,,,,,,,,,,,,,,,,,,,,,,,,,,,,,,,,,,,,,,,,,,,,,,,,,,,,,,,,,,,,,,,,,,,,,,,,,,,,,,,,,,,,,,,,,,,,ru,ña,ci,sil,re,ja,bu,sil1,ñi,nu,sil2,,,,,,,,,,,,,,,z,0.8139,6,0.6701,0,17,17,23,1,testWhenL4Uns//time_viol.r2.s2.0.wav,,,,,,,,,,,,,,,,,,,,,,,,,,,,,,,,,,,
,,,,,,,s114,A,2024-02-19_20h04.52.495,Unsyncopated_study2,2022.2.5,MacIntel,120.4819277,,,,,,,,,,,,,,,,,,,,,,,,,,,,,,,,,,,,,,,,,,,,,,,,,,,,,,,,,,,,,,,,,,,,,,,,,,,,,,,,,,,,,,,,,,,,,,,,,,,,,,,,,,,,,,,,,,,,,,,,,,,,,,,,,,,,,,,,,,,,,,,,,,,,,re,ña,bo,sil,zi,ñi,po,sil1,lo,da,sil2,,,,,,,,,,,,,,,z,0.3688,7,0.2265,0,18,18,12,1,testWhenL4Uns//r1.s2.1.wav,,,,,,,,,,,,,,,,,,,,,,,,,,,,,,,,,,,
,,,,,,,s114,A,2024-02-19_20h04.52.495,Unsyncopated_study2,2022.2.5,MacIntel,120.4819277,,,,,,,,,,,,,,,,,,,,,,,,,,,,,,,,,,,,,,,,,,,,,,,,,,,,,,,,,,,,,,,,,,,,,,,,,,,,,,,,,,,,,,,,,,,,,,,,,,,,,,,,,,,,,,,,,,,,,,,,,,,,,,,,,,,,,,,,,,,,,,,,,,,,,po,ci,bu,sil,ja,bo,da,sil1,re,ñi,sil2,,,,,,,,,,,,,,,m,0.2892,3,0.2329,0,19,19,7,1,testWhenL4Uns//dep_viol.r2.s2.0.wav,,,,,,,,,,,,,,,,,,,,,,,,,,,,,,,,,,,
,,,,,,,s114,A,2024-02-19_20h04.52.495,Unsyncopated_study2,2022.2.5,MacIntel,120.4819277,,,,,,,,,,,,,,,,,,,,,,,,,,,,,,,,,,,,,,,,,,,,,,,,,,,,,,,,,,,,,,,,,,,,,,,,,,,,,,,,,,,,,,,,,,,,,,,,,,,,,,,,,,,,,,,,,,,,,,,,,,,,,,,,,,,,,,,,,,,,,,,,,,,,,ña,ru,da,sil,ja,re,pe,sil1,nu,ci,sil2,,,,,,,,,,,,,,,z,0.3926,5,0.2791,0,20,20,17,1,testWhenL4Uns//r2.s2.0.wav,,,,,,,,,,,,,,,,,,,,,,,,,,,,,,,,,,,
,,,,,,,s114,A,2024-02-19_20h04.52.495,Unsyncopated_study2,2022.2.5,MacIntel,120.4819277,,,,,,,,,,,,,,,,,,,,,,,,,,,,,,,,,,,,,,,,,,,,,,,,,,,,,,,,,,,,,,,,,,,,,,,,,,,,,,,,,,,,,,,,,,,,,,,,,,,,,,,,,,,,,,,,,,,,,,,,,,,,,,,,,,,,,,,,,,,,,,,,,,,,,zi,pe,po,sil,lo,de,bu,sil1,ñi,bo,sil2,,,,,,,,,,,,,,,z,0.5099,5,0.2759,0,21,21,8,1,testWhenL4Uns//r1.s1.0.wav,,,,,,,,,,,,,,,,,,,,,,,,,,,,,,,,,,,
,,,,,,,s114,A,2024-02-19_20h04.52.495,Unsyncopated_study2,2022.2.5,MacIntel,120.4819277,,,,,,,,,,,,,,,,,,,,,,,,,,,,,,,,,,,,,,,,,,,,,,,,,,,,,,,,,,,,,,,,,,,,,,,,,,,,,,,,,,,,,,,,,,,,,,,,,,,,,,,,,,,,,,,,,,,,,,,,,,,,,,,,,,,,,,,,,,,,,,,,,,,,,ñi,da,ci,sil,zi,re,pe,sil1,lo,po,sil2,,,,,,,,,,,,,,,z,0.3918,6,0.2138,0,22,22,13,1,testWhenL4Uns//r1.s2.2.wav,,,,,,,,,,,,,,,,,,,,,,,,,,,,,,,,,,,
,,,,,,,s114,A,2024-02-19_20h04.52.495,Unsyncopated_study2,2022.2.5,MacIntel,120.4819277,,,,,,,,,,,,,,,,,,,,,,,,,,,,,,,,,,,,,,,,,,,,,,,,,,,,,,,,,,,,,,,,,,,,,,,,,,,,,,,,,,,,,,,,,,,,,,,,,,,,,,,,,,,,,,,,,,,,,,,,,,,,,,,,,,,,,,,,,,,,,,,,,,,,,da,de,pe,sil,nu,ñi,ña,sil1,ja,ru,sil2,,,,,,,,,,,,,,,m,0.2418,4,0.6195,0,23,23,3,1,testWhenL4Uns//cat_viol.r2.s2.0.wav,,,,,,,,,,,,,,,,,,,,,,,,,,,,,,,,,,,
,,,,,,,s114,A,2024-02-19_20h04.52.495,Unsyncopated_study2,2022.2.5,MacIntel,120.4819277,,,,,,,,,,,,,,,,,,,,,,,,,,,,,,,,,,,,,,,,,,,,,,,,,,,,,,,,,,,,,,,,,,,,,,,,,,,,,,,,,,,,,,,,,,,,,,,,,,,,,,,,,,,,,,,,,,,,,,,,,,,,,,,,,,,,,,,,,,,,,,,,,,,,,,,,,,,,,,,,,,,,,,,,,,,,,,,,,,,,,,,,space,2.4819,0,2,2,2,1,WhenL4_un.csv,dir_Online_whenL4_un.csv,Test_When_UnL4.csv,WhenL4_un.wav,,,,,,,,,,,,,,,,,,,,,,,,
,,,,,,,s114,A,2024-02-19_20h04.52.495,Unsyncopated_study2,2022.2.5,MacIntel,120.4819277,,,,,,,,,,,,,,,,,,,,,,,,,,,,,,,,,,,,,,,,,,,,,,,,,,,,,,,,,,,,,,,,,,,,,,,,,,,,,,,,,,,,,,,,,,,,,,,,,,,,,,,,,,,,,,,,,,,,,,,,,,,,,,,,,,,,,,,,space,10.2987,space,2.2009,,0,0,0,2,1,Online_whatL3//b.ñe.sa18.none.none.wav,none,none,ko,je,ga,sil2,chu,li,fu,sil,mo,gu,sil1,,,,,,,,,,,,,,,,,,,,,,,,,,,,,,,,,,,,,,,,,,,,,,,,,,,,,,,,,,,
,,,,,,,s114,A,2024-02-19_20h04.52.495,Unsyncopated_study2,2022.2.5,MacIntel,120.4819277,,,,,,,,,,,,,,,,,,,,,,,,,,,,,,,,,,,,,,,,,,,,,,,,,,,,,,,,,,,,,,,,,,,,,,,,,,,,,,,,,,,,,,,,,,,,,,,,,,,,,,,,,,,,,,,,,,,,,,,,,,,,,,,,,,,,,,,,,,,,,0,1,1,0,1,Online_whatL3//b.ñe.sa16.none.none.wav,none,none,chu,fu,ko,sil,mo,li,je,sil1,ka,gu,sil2,,,,,,,,,,,,,,,,,,,,,,,,,,,,,,,,,,,,,,,,,,,,,,,,,,,,,,,,,,,
,,,,,,,s114,A,2024-02-19_20h04.52.495,Unsyncopated_study2,2022.2.5,MacIntel,120.4819277,,,,,,,,,,,,,,,,,,,,,,,,,,,,,,,,,,,,,,,,,,,,,,,,,,,,,,,,,,,,,,,,,,,,,,,,,,,,,,,,,,,,,,,,,,,,,,,,,,,,,,,,,,,,,,,,,,,,,,,,,,,,,,,,,,,,,,,,,,,,,0,2,2,1,1,Online_whatL3//b.ñe.sa17.none.none.wav,none,none,di,gu,do,sil,chu,li,le,sil1,mo,ji,sil2,,,,,,,,,,,,,,,,,,,,,,,,,,,,,,,,,,,,,,,,,,,,,,,,,,,,,,,,,,,
,,,,,,,s114,A,2024-02-19_20h04.52.495,Unsyncopated_study2,2022.2.5,MacIntel,120.4819277,,,,,,,,,,,,,,,,,,,,,,,,,,,,,,,,,,,,,,,,,,,,,,,,,,,,,,,,,,,,,,,,,,,,,,,,,,,,,,,,,,,,,,,,,,,,,,,,,,,,,,,,,,,,,,,,,,,,,,,,,,,,,,,,,,,,,,,,,,,,,0,3,3,3,1,Online_whatL3//b.ñe.sa19.none.none.wav,none,none,ji,fu,gu,sil2,chu,do,ka,sil,mo,ko,sil1,,,,,,,,,,,,,,,,,,,,,,,,,,,,,,,,,,,,,,,,,,,,,,,,,,,,,,,,,,,
,,,,,,,s114,A,2024-02-19_20h04.52.495,Unsyncopated_study2,2022.2.5,MacIntel,120.4819277,,,,,,,,,,,,,,,,,,,,,,,,,,,,,,,,,,,,,,,,,,,,,,,,,,,,,,,,,,,,,,,,,,,,,,,,,,,,,,,,,,,,,,,,,,,,,,,,,,,,,,,,,,,,,,,,,,,,,,,,,,,,,,,,,,,,,,,,,,,,,,,,,,,,,,,,,,,,,,,,,0,0,0,19,1,ñe,sa,48:52,red,,,,,,,,,,,,,,,,,,,,,,,,,,,,,,,,,,,,,,,,,,,,,,,,,
,,,,,,,s114,A,2024-02-19_20h04.52.495,Unsyncopated_study2,2022.2.5,MacIntel,120.4819277,,,,,,,,,,,,,,,,,,,,,,,,,,,,,,,,,,,,,,,,,,,,,,,,,,,,,,,,,,,,,,,,,,,,,,,,,,,,,,,,,,,,,,,,,,,,,,,,,,,,,,,,,,,,,,,,,,,,,,,,,,,,,,,,,,,,,,,,,,,,,0,0,0,1,1,Online_whatL3//a.chu.mo25.none.none.wav,none,none,le,di,do,sil2,ñe,ga,li,sil,sa,je,sil1,,,,,,,,,,,,,,,,,,,,,,,,,,,,,,,,,,,,,,,,,,,,,,,,,,,,,,,,,,,
,,,,,,,s114,A,2024-02-19_20h04.52.495,Unsyncopated_study2,2022.2.5,MacIntel,120.4819277,,,,,,,,,,,,,,,,,,,,,,,,,,,,,,,,,,,,,,,,,,,,,,,,,,,,,,,,,,,,,,,,,,,,,,,,,,,,,,,,,,,,,,,,,,,,,,,,,,,,,,,,,,,,,,,,,,,,,,,,,,,,,,,,,,,,,,,,,,,,"[""space""]",0,1,1,2,1,Online_whatL3//a.chu.mo26.0.888.wav,888,0,chu,ji,li,sil,mo,ko,fu,sil2,di,gu,sil1,[1.7176999999992404],,,,,,,,,,,,,,,,,,,,,,,,,,,,,,,,,,,,,,,,,,,,,,,,,,,,,,,,,,
,,,,,,,s114,A,2024-02-19_20h04.52.495,Unsyncopated_study2,2022.2.5,MacIntel,120.4819277,,,,,,,,,,,,,,,,,,,,,,,,,,,,,,,,,,,,,,,,,,,,,,,,,,,,,,,,,,,,,,,,,,,,,,,,,,,,,,,,,,,,,,,,,,,,,,,,,,,,,,,,,,,,,,,,,,,,,,,,,,,,,,,,,,,,,,,,,,,,"[""space""]",0,2,2,3,1,Online_whatL3//a.chu.mo27.888.1776.wav,1776,888,ka,ga,ji,sil,chu,je,di,sil1,mo,gu,sil2,[2.501699999999346],,,,,,,,,,,,,,,,,,,,,,,,,,,,,,,,,,,,,,,,,,,,,,,,,,,,,,,,,,
,,,,,,,s114,A,2024-02-19_20h04.52.495,Unsyncopated_study2,2022.2.5,MacIntel,120.4819277,,,,,,,,,,,,,,,,,,,,,,,,,,,,,,,,,,,,,,,,,,,,,,,,,,,,,,,,,,,,,,,,,,,,,,,,,,,,,,,,,,,,,,,,,,,,,,,,,,,,,,,,,,,,,,,,,,,,,,,,,,,,,,,,,,,,,,,,,,,,"[""space""]",0,3,3,0,1,Online_whatL3//a.chu.mo24.0.1110.wav,1110,0,chu,gu,ka,sil2,mo,le,ji,sil,do,li,sil1,[1.8693999999986772],,,,,,,,,,,,,,,,,,,,,,,,,,,,,,,,,,,,,,,,,,,,,,,,,,,,,,,,,,
,,,,,,,s114,A,2024-02-19_20h04.52.495,Unsyncopated_study2,2022.2.5,MacIntel,120.4819277,,,,,,,,,,,,,,,,,,,,,,,,,,,,,,,,,,,,,,,,,,,,,,,,,,,,,,,,,,,,,,,,,,,,,,,,,,,,,,,,,,,,,,,,,,,,,,,,,,,,,,,,,,,,,,,,,,,,,,,,,,,,,,,,,,,,,,,,,,,,,,,,,,,,,,,,,,,,,,,,,0,1,1,10,1,mo,chu,24:28,orange,,,,,,,,,,,,,,,,,,,,,,,,,,,,,,,,,,,,,,,,,,,,,,,,,
,,,,,,,s114,A,2024-02-19_20h04.52.495,Unsyncopated_study2,2022.2.5,MacIntel,120.4819277,,,,,,,,,,,,,,,,,,,,,,,,,,,,,,,,,,,,,,,,,,,,,,,,,,,,,,,,,,,,,,,,,,,,,,,,,,,,,,,,,,,,,,,,,,,,,,,,,,,,,,,,,,,,,,,,,,,,,,,,,,,,,,,,,,,,,,,,,,,,"[""space""]",0,0,0,2,1,Online_whatL3//b.ñe.sa10.1110.1998.wav,1110,1998,ga,le,gu,sil2,ñe,di,li,sil,sa,ji,sil1,[1.895900000002257],,,,,,,,,,,,,,,,,,,,,,,,,,,,,,,,,,,,,,,,,,,,,,,,,,,,,,,,,,
,,,,,,,s114,A,2024-02-19_20h04.52.495,Unsyncopated_study2,2022.2.5,MacIntel,120.4819277,,,,,,,,,,,,,,,,,,,,,,,,,,,,,,,,,,,,,,,,,,,,,,,,,,,,,,,,,,,,,,,,,,,,,,,,,,,,,,,,,,,,,,,,,,,,,,,,,,,,,,,,,,,,,,,,,,,,,,,,,,,,,,,,,,,,,,,,,,,,"[""space""]",0,1,1,1,1,Online_whatL3//b.ñe.sa9.0.1110.wav,0,1110,ñe,fu,di,sil2,sa,ka,le,sil,li,je,sil1,[0.7351000000012391],,,,,,,,,,,,,,,,,,,,,,,,,,,,,,,,,,,,,,,,,,,,,,,,,,,,,,,,,,
,,,,,,,s114,A,2024-02-19_20h04.52.495,Unsyncopated_study2,2022.2.5,MacIntel,120.4819277,,,,,,,,,,,,,,,,,,,,,,,,,,,,,,,,,,,,,,,,,,,,,,,,,,,,,,,,,,,,,,,,,,,,,,,,,,,,,,,,,,,,,,,,,,,,,,,,,,,,,,,,,,,,,,,,,,,,,,,,,,,,,,,,,,,,,,,,,,,,"[""space""]",0,2,2,0,1,Online_whatL3//b.ñe.sa8.1110.1998.wav,1110,1998,li,do,di,sil2,ñe,gu,ji,sil,sa,je,sil1,[1.8873000000007778],,,,,,,,,,,,,,,,,,,,,,,,,,,,,,,,,,,,,,,,,,,,,,,,,,,,,,,,,,
,,,,,,,s114,A,2024-02-19_20h04.52.495,Unsyncopated_study2,2022.2.5,MacIntel,120.4819277,,,,,,,,,,,,,,,,,,,,,,,,,,,,,,,,,,,,,,,,,,,,,,,,,,,,,,,,,,,,,,,,,,,,,,,,,,,,,,,,,,,,,,,,,,,,,,,,,,,,,,,,,,,,,,,,,,,,,,,,,,,,,,,,,,,,,,,,,,,,"[""space""]",0,3,3,3,1,Online_whatL3//b.ñe.sa11.1110.1998.wav,1110,1998,li,ko,ka,sil2,ñe,je,ji,sil,sa,fu,sil1,[1.8449000000018714],,,,,,,,,,,,,,,,,,,,,,,,,,,,,,,,,,,,,,,,,,,,,,,,,,,,,,,,,,
,,,,,,,s114,A,2024-02-19_20h04.52.495,Unsyncopated_study2,2022.2.5,MacIntel,120.4819277,,,,,,,,,,,,,,,,,,,,,,,,,,,,,,,,,,,,,,,,,,,,,,,,,,,,,,,,,,,,,,,,,,,,,,,,,,,,,,,,,,,,,,,,,,,,,,,,,,,,,,,,,,,,,,,,,,,,,,,,,,,,,,,,,,,,,,,,,,,,,,,,,,,,,,,,,,,,,,,,,0,2,2,7,1,ñe,sa,40:44,red,,,,,,,,,,,,,,,,,,,,,,,,,,,,,,,,,,,,,,,,,,,,,,,,,
,,,,,,,s114,A,2024-02-19_20h04.52.495,Unsyncopated_study2,2022.2.5,MacIntel,120.4819277,,,,,,,,,,,,,,,,,,,,,,,,,,,,,,,,,,,,,,,,,,,,,,,,,,,,,,,,,,,,,,,,,,,,,,,,,,,,,,,,,,,,,,,,,,,,,,,,,,,,,,,,,,,,,,,,,,,,,,,,,,,,,,,,,,,,,,,,,,,,"[""space""]",0,0,0,3,1,Online_whatL3//a.chu.mo7.0.888.wav,888,0,chu,ka,do,sil,mo,le,je,sil1,li,fu,sil2,[1.5072999999970307],,,,,,,,,,,,,,,,,,,,,,,,,,,,,,,,,,,,,,,,,,,,,,,,,,,,,,,,,,
,,,,,,,s114,A,2024-02-19_20h04.52.495,Unsyncopated_study2,2022.2.5,MacIntel,120.4819277,,,,,,,,,,,,,,,,,,,,,,,,,,,,,,,,,,,,,,,,,,,,,,,,,,,,,,,,,,,,,,,,,,,,,,,,,,,,,,,,,,,,,,,,,,,,,,,,,,,,,,,,,,,,,,,,,,,,,,,,,,,,,,,,,,,,,,,,,,,,"[""space""]",0,1,1,2,1,Online_whatL3//a.chu.mo6.888.1776.wav,1776,888,do,ko,ka,sil,chu,fu,gu,sil1,mo,ga,sil2,[2.451900000002297],,,,,,,,,,,,,,,,,,,,,,,,,,,,,,,,,,,,,,,,,,,,,,,,,,,,,,,,,,
,,,,,,,s114,A,2024-02-19_20h04.52.495,Unsyncopated_study2,2022.2.5,MacIntel,120.4819277,,,,,,,,,,,,,,,,,,,,,,,,,,,,,,,,,,,,,,,,,,,,,,,,,,,,,,,,,,,,,,,,,,,,,,,,,,,,,,,,,,,,,,,,,,,,,,,,,,,,,,,,,,,,,,,,,,,,,,,,,,,,,,,,,,,,,,,,,,,,,0,2,2,1,1,Online_whatL3//a.chu.mo5.none.none.wav,none,none,ga,ka,li,sil2,ñe,gu,le,sil,sa,di,sil1,,,,,,,,,,,,,,,,,,,,,,,,,,,,,,,,,,,,,,,,,,,,,,,,,,,,,,,,,,,
,,,,,,,s114,A,2024-02-19_20h04.52.495,Unsyncopated_study2,2022.2.5,MacIntel,120.4819277,,,,,,,,,,,,,,,,,,,,,,,,,,,,,,,,,,,,,,,,,,,,,,,,,,,,,,,,,,,,,,,,,,,,,,,,,,,,,,,,,,,,,,,,,,,,,,,,,,,,,,,,,,,,,,,,,,,,,,,,,,,,,,,,,,,,,,,,,,,,,0,3,3,0,1,Online_whatL3//a.chu.mo4.none.none.wav,none,none,ñe,le,gu,sil2,sa,ji,je,sil,ga,li,sil1,,,,,,,,,,,,,,,,,,,,,,,,,,,,,,,,,,,,,,,,,,,,,,,,,,,,,,,,,,,
,,,,,,,s114,A,2024-02-19_20h04.52.495,Unsyncopated_study2,2022.2.5,MacIntel,120.4819277,,,,,,,,,,,,,,,,,,,,,,,,,,,,,,,,,,,,,,,,,,,,,,,,,,,,,,,,,,,,,,,,,,,,,,,,,,,,,,,,,,,,,,,,,,,,,,,,,,,,,,,,,,,,,,,,,,,,,,,,,,,,,,,,,,,,,,,,,,,,,,,,,,,,,,,,,,,,,,,,,0,3,3,16,1,mo,chu,4:8,orange,,,,,,,,,,,,,,,,,,,,,,,,,,,,,,,,,,,,,,,,,,,,,,,,,
,,,,,,,s114,A,2024-02-19_20h04.52.495,Unsyncopated_study2,2022.2.5,MacIntel,120.4819277,,,,,,,,,,,,,,,,,,,,,,,,,,,,,,,,,,,,,,,,,,,,,,,,,,,,,,,,,,,,,,,,,,,,,,,,,,,,,,,,,,,,,,,,,,,,,,,,,,,,,,,,,,,,,,,,,,,,,,,,,,,,,,,,,,,,,,,,,,,,,0,0,0,3,1,Online_whatL3//a.chu.mo15.none.none.wav,none,none,ñe,gu,li,sil,sa,ko,ji,sil2,je,ka,sil1,,,,,,,,,,,,,,,,,,,,,,,,,,,,,,,,,,,,,,,,,,,,,,,,,,,,,,,,,,,
,,,,,,,s114,A,2024-02-19_20h04.52.495,Unsyncopated_study2,2022.2.5,MacIntel,120.4819277,,,,,,,,,,,,,,,,,,,,,,,,,,,,,,,,,,,,,,,,,,,,,,,,,,,,,,,,,,,,,,,,,,,,,,,,,,,,,,,,,,,,,,,,,,,,,,,,,,,,,,,,,,,,,,,,,,,,,,,,,,,,,,,,,,,,,,,,,,,,,0,1,1,1,1,Online_whatL3//a.chu.mo13.none.none.wav,none,none,ko,ka,li,sil2,ñe,fu,gu,sil,sa,ji,sil1,,,,,,,,,,,,,,,,,,,,,,,,,,,,,,,,,,,,,,,,,,,,,,,,,,,,,,,,,,,
,,,,,,,s114,A,2024-02-19_20h04.52.495,Unsyncopated_study2,2022.2.5,MacIntel,120.4819277,,,,,,,,,,,,,,,,,,,,,,,,,,,,,,,,,,,,,,,,,,,,,,,,,,,,,,,,,,,,,,,,,,,,,,,,,,,,,,,,,,,,,,,,,,,,,,,,,,,,,,,,,,,,,,,,,,,,,,,,,,,,,,,,,,,,,,,,,,,,"[""space""]",0,2,2,2,1,Online_whatL3//a.chu.mo14.0.888.wav,888,0,chu,fu,do,sil,mo,ko,je,sil2,ga,ji,sil1,[1.6109000000024025],,,,,,,,,,,,,,,,,,,,,,,,,,,,,,,,,,,,,,,,,,,,,,,,,,,,,,,,,,
,,,,,,,s114,A,2024-02-19_20h04.52.495,Unsyncopated_study2,2022.2.5,MacIntel,120.4819277,,,,,,,,,,,,,,,,,,,,,,,,,,,,,,,,,,,,,,,,,,,,,,,,,,,,,,,,,,,,,,,,,,,,,,,,,,,,,,,,,,,,,,,,,,,,,,,,,,,,,,,,,,,,,,,,,,,,,,,,,,,,,,,,,,,,,,,,,,,,,0,3,3,0,1,Online_whatL3//a.chu.mo12.1110.1998.wav,1998,1110,gu,do,le,sil2,chu,ko,ji,sil,mo,li,sil1,,,,,,,,,,,,,,,,,,,,,,,,,,,,,,,,,,,,,,,,,,,,,,,,,,,,,,,,,,,
,,,,,,,s114,A,2024-02-19_20h04.52.495,Unsyncopated_study2,2022.2.5,MacIntel,120.4819277,,,,,,,,,,,,,,,,,,,,,,,,,,,,,,,,,,,,,,,,,,,,,,,,,,,,,,,,,,,,,,,,,,,,,,,,,,,,,,,,,,,,,,,,,,,,,,,,,,,,,,,,,,,,,,,,,,,,,,,,,,,,,,,,,,,,,,,,,,,,,,,,,,,,,,,,,,,,,,,,,0,4,4,8,1,mo,chu,12:16,orange,,,,,,,,,,,,,,,,,,,,,,,,,,,,,,,,,,,,,,,,,,,,,,,,,
,,,,,,,s114,A,2024-02-19_20h04.52.495,Unsyncopated_study2,2022.2.5,MacIntel,120.4819277,,,,,,,,,,,,,,,,,,,,,,,,,,,,,,,,,,,,,,,,,,,,,,,,,,,,,,,,,,,,,,,,,,,,,,,,,,,,,,,,,,,,,,,,,,,,,,,,,,,,,,,,,,,,,,,,,,,,,,,,,,,,,,,,,,,,,,,,,,,,"[""space"",""space""]",0,0,0,3,1,Online_whatL3//c.gu.je11.444.1332.wav,444,1332,chu,li,gu,sil2,mo,je,ka,sil,ko,do,sil1,"[0.007100000001628359,1.1625000000003638]",,,,,,,,,,,,,,,,,,,,,,,,,,,,,,,,,,,,,,,,,,,,,,,,,,,,,,,,,,
,,,,,,,s114,A,2024-02-19_20h04.52.495,Unsyncopated_study2,2022.2.5,MacIntel,120.4819277,,,,,,,,,,,,,,,,,,,,,,,,,,,,,,,,,,,,,,,,,,,,,,,,,,,,,,,,,,,,,,,,,,,,,,,,,,,,,,,,,,,,,,,,,,,,,,,,,,,,,,,,,,,,,,,,,,,,,,,,,,,,,,,,,,,,,,,,,,,,,0,1,1,2,1,Online_whatL3//c.gu.je10.none.none.wav,none,none,ñe,li,le,sil,sa,ko,do,sil2,di,ji,sil1,,,,,,,,,,,,,,,,,,,,,,,,,,,,,,,,,,,,,,,,,,,,,,,,,,,,,,,,,,,
,,,,,,,s114,A,2024-02-19_20h04.52.495,Unsyncopated_study2,2022.2.5,MacIntel,120.4819277,,,,,,,,,,,,,,,,,,,,,,,,,,,,,,,,,,,,,,,,,,,,,,,,,,,,,,,,,,,,,,,,,,,,,,,,,,,,,,,,,,,,,,,,,,,,,,,,,,,,,,,,,,,,,,,,,,,,,,,,,,,,,,,,,,,,,,,,,,,,"[""space""]",0,2,2,1,1,Online_whatL3//c.gu.je9.none.none.wav,none,none,ga,fu,ko,sil,chu,ji,ka,sil1,mo,di,sil2,[1.4873999999981606],,,,,,,,,,,,,,,,,,,,,,,,,,,,,,,,,,,,,,,,,,,,,,,,,,,,,,,,,,
,,,,,,,s114,A,2024-02-19_20h04.52.495,Unsyncopated_study2,2022.2.5,MacIntel,120.4819277,,,,,,,,,,,,,,,,,,,,,,,,,,,,,,,,,,,,,,,,,,,,,,,,,,,,,,,,,,,,,,,,,,,,,,,,,,,,,,,,,,,,,,,,,,,,,,,,,,,,,,,,,,,,,,,,,,,,,,,,,,,,,,,,,,,,,,,,,,,,,0,3,3,0,1,Online_whatL3//c.gu.je8.none.none.wav,none,none,ko,ka,di,sil2,ñe,ji,li,sil,sa,ga,sil1,,,,,,,,,,,,,,,,,,,,,,,,,,,,,,,,,,,,,,,,,,,,,,,,,,,,,,,,,,,
,,,,,,,s114,A,2024-02-19_20h04.52.495,Unsyncopated_study2,2022.2.5,MacIntel,120.4819277,,,,,,,,,,,,,,,,,,,,,,,,,,,,,,,,,,,,,,,,,,,,,,,,,,,,,,,,,,,,,,,,,,,,,,,,,,,,,,,,,,,,,,,,,,,,,,,,,,,,,,,,,,,,,,,,,,,,,,,,,,,,,,,,,,,,,,,,,,,,,,,,,,,,,,,,,,,,,,,,,0,5,5,3,1,gu,je,72:76,blue,,,,,,,,,,,,,,,,,,,,,,,,,,,,,,,,,,,,,,,,,,,,,,,,,
,,,,,,,s114,A,2024-02-19_20h04.52.495,Unsyncopated_study2,2022.2.5,MacIntel,120.4819277,,,,,,,,,,,,,,,,,,,,,,,,,,,,,,,,,,,,,,,,,,,,,,,,,,,,,,,,,,,,,,,,,,,,,,,,,,,,,,,,,,,,,,,,,,,,,,,,,,,,,,,,,,,,,,,,,,,,,,,,,,,,,,,,,,,,,,,,,,,,"[""space""]",0,0,0,1,1,Online_whatL3//c.gu.je13.1332.222.wav,1332,222,ñe,je,fu,sil,sa,ko,gu,sil1,di,li,sil2,[2.1868999999987864],,,,,,,,,,,,,,,,,,,,,,,,,,,,,,,,,,,,,,,,,,,,,,,,,,,,,,,,,,
,,,,,,,s114,A,2024-02-19_20h04.52.495,Unsyncopated_study2,2022.2.5,MacIntel,120.4819277,,,,,,,,,,,,,,,,,,,,,,,,,,,,,,,,,,,,,,,,,,,,,,,,,,,,,,,,,,,,,,,,,,,,,,,,,,,,,,,,,,,,,,,,,,,,,,,,,,,,,,,,,,,,,,,,,,,,,,,,,,,,,,,,,,,,,,,,,,,,"[""space""]",0,1,1,3,1,Online_whatL3//c.gu.je15.1332.0.wav,1332,0,je,ji,ko,sil,chu,ka,gu,sil2,mo,ga,sil1,[2.1667000000029475],,,,,,,,,,,,,,,,,,,,,,,,,,,,,,,,,,,,,,,,,,,,,,,,,,,,,,,,,,
,,,,,,,s114,A,2024-02-19_20h04.52.495,Unsyncopated_study2,2022.2.5,MacIntel,120.4819277,,,,,,,,,,,,,,,,,,,,,,,,,,,,,,,,,,,,,,,,,,,,,,,,,,,,,,,,,,,,,,,,,,,,,,,,,,,,,,,,,,,,,,,,,,,,,,,,,,,,,,,,,,,,,,,,,,,,,,,,,,,,,,,,,,,,,,,,,,,,"[""space""]",0,2,2,2,1,Online_whatL3//c.gu.je14.none.none.wav,none,none,do,ga,fu,sil2,chu,li,ji,sil,mo,ka,sil1,[1.811099999997623],,,,,,,,,,,,,,,,,,,,,,,,,,,,,,,,,,,,,,,,,,,,,,,,,,,,,,,,,,
,,,,,,,s114,A,2024-02-19_20h04.52.495,Unsyncopated_study2,2022.2.5,MacIntel,120.4819277,,,,,,,,,,,,,,,,,,,,,,,,,,,,,,,,,,,,,,,,,,,,,,,,,,,,,,,,,,,,,,,,,,,,,,,,,,,,,,,,,,,,,,,,,,,,,,,,,,,,,,,,,,,,,,,,,,,,,,,,,,,,,,,,,,,,,,,,,,,,,0,3,3,0,1,Online_whatL3//c.gu.je12.none.none.wav,none,none,ga,di,li,sil,chu,do,fu,sil2,mo,le,sil1,,,,,,,,,,,,,,,,,,,,,,,,,,,,,,,,,,,,,,,,,,,,,,,,,,,,,,,,,,,
,,,,,,,s114,A,2024-02-19_20h04.52.495,Unsyncopated_study2,2022.2.5,MacIntel,120.4819277,,,,,,,,,,,,,,,,,,,,,,,,,,,,,,,,,,,,,,,,,,,,,,,,,,,,,,,,,,,,,,,,,,,,,,,,,,,,,,,,,,,,,,,,,,,,,,,,,,,,,,,,,,,,,,,,,,,,,,,,,,,,,,,,,,,,,,,,,,,,,,,,,,,,,,,,,,,,,,,,,0,6,6,11,1,gu,je,76:80,blue,,,,,,,,,,,,,,,,,,,,,,,,,,,,,,,,,,,,,,,,,,,,,,,,,
,,,,,,,s114,A,2024-02-19_20h04.52.495,Unsyncopated_study2,2022.2.5,MacIntel,120.4819277,,,,,,,,,,,,,,,,,,,,,,,,,,,,,,,,,,,,,,,,,,,,,,,,,,,,,,,,,,,,,,,,,,,,,,,,,,,,,,,,,,,,,,,,,,,,,,,,,,,,,,,,,,,,,,,,,,,,,,,,,,,,,,,,,,,,,,,,,,,,"[""space"",""space""]",0,0,0,2,1,Online_whatL3//a.chu.mo30.0.888.wav,888,0,chu,ko,li,sil,mo,gu,le,sil2,je,fu,sil1,"[0.9476999999988038,1.8156999999991967]",,,,,,,,,,,,,,,,,,,,,,,,,,,,,,,,,,,,,,,,,,,,,,,,,,,,,,,,,,
,,,,,,,s114,A,2024-02-19_20h04.52.495,Unsyncopated_study2,2022.2.5,MacIntel,120.4819277,,,,,,,,,,,,,,,,,,,,,,,,,,,,,,,,,,,,,,,,,,,,,,,,,,,,,,,,,,,,,,,,,,,,,,,,,,,,,,,,,,,,,,,,,,,,,,,,,,,,,,,,,,,,,,,,,,,,,,,,,,,,,,,,,,,,,,,,,,,,,0,1,1,0,1,Online_whatL3//a.chu.mo28.none.none.wav,none,none,di,do,ka,sil,ñe,ko,ji,sil1,sa,fu,sil2,,,,,,,,,,,,,,,,,,,,,,,,,,,,,,,,,,,,,,,,,,,,,,,,,,,,,,,,,,,
,,,,,,,s114,A,2024-02-19_20h04.52.495,Unsyncopated_study2,2022.2.5,MacIntel,120.4819277,,,,,,,,,,,,,,,,,,,,,,,,,,,,,,,,,,,,,,,,,,,,,,,,,,,,,,,,,,,,,,,,,,,,,,,,,,,,,,,,,,,,,,,,,,,,,,,,,,,,,,,,,,,,,,,,,,,,,,,,,,,,,,,,,,,,,,,,,,,,,0,2,2,3,1,Online_whatL3//a.chu.mo31.none.none.wav,none,none,ka,di,ko,sil,ñe,ji,fu,sil1,sa,le,sil2,,,,,,,,,,,,,,,,,,,,,,,,,,,,,,,,,,,,,,,,,,,,,,,,,,,,,,,,,,,
,,,,,,,s114,A,2024-02-19_20h04.52.495,Unsyncopated_study2,2022.2.5,MacIntel,120.4819277,,,,,,,,,,,,,,,,,,,,,,,,,,,,,,,,,,,,,,,,,,,,,,,,,,,,,,,,,,,,,,,,,,,,,,,,,,,,,,,,,,,,,,,,,,,,,,,,,,,,,,,,,,,,,,,,,,,,,,,,,,,,,,,,,,,,,,,,,,,,,0,3,3,1,1,Online_whatL3//a.chu.mo29.none.none.wav,none,none,ñe,do,di,sil,sa,gu,ko,sil1,le,ka,sil2,,,,,,,,,,,,,,,,,,,,,,,,,,,,,,,,,,,,,,,,,,,,,,,,,,,,,,,,,,,
,,,,,,,s114,A,2024-02-19_20h04.52.495,Unsyncopated_study2,2022.2.5,MacIntel,120.4819277,,,,,,,,,,,,,,,,,,,,,,,,,,,,,,,,,,,,,,,,,,,,,,,,,,,,,,,,,,,,,,,,,,,,,,,,,,,,,,,,,,,,,,,,,,,,,,,,,,,,,,,,,,,,,,,,,,,,,,,,,,,,,,,,,,,,,,,,,,,,,,,,,,,,,,,,,,,,,,,,,0,7,7,2,1,mo,chu,28:32,orange,,,,,,,,,,,,,,,,,,,,,,,,,,,,,,,,,,,,,,,,,,,,,,,,,
,,,,,,,s114,A,2024-02-19_20h04.52.495,Unsyncopated_study2,2022.2.5,MacIntel,120.4819277,,,,,,,,,,,,,,,,,,,,,,,,,,,,,,,,,,,,,,,,,,,,,,,,,,,,,,,,,,,,,,,,,,,,,,,,,,,,,,,,,,,,,,,,,,,,,,,,,,,,,,,,,,,,,,,,,,,,,,,,,,,,,,,,,,,,,,,,,,,,,0,0,0,0,1,Online_whatL3//b.ñe.sa4.none.none.wav,none,none,chu,ka,le,sil,mo,je,ga,sil1,do,ji,sil2,,,,,,,,,,,,,,,,,,,,,,,,,,,,,,,,,,,,,,,,,,,,,,,,,,,,,,,,,,,
,,,,,,,s114,A,2024-02-19_20h04.52.495,Unsyncopated_study2,2022.2.5,MacIntel,120.4819277,,,,,,,,,,,,,,,,,,,,,,,,,,,,,,,,,,,,,,,,,,,,,,,,,,,,,,,,,,,,,,,,,,,,,,,,,,,,,,,,,,,,,,,,,,,,,,,,,,,,,,,,,,,,,,,,,,,,,,,,,,,,,,,,,,,,,,,,,,,,,0,1,1,3,1,Online_whatL3//b.ñe.sa7.none.none.wav,none,none,gu,di,le,sil,chu,ga,ka,sil1,mo,ko,sil2,,,,,,,,,,,,,,,,,,,,,,,,,,,,,,,,,,,,,,,,,,,,,,,,,,,,,,,,,,,
,,,,,,,s114,A,2024-02-19_20h04.52.495,Unsyncopated_study2,2022.2.5,MacIntel,120.4819277,,,,,,,,,,,,,,,,,,,,,,,,,,,,,,,,,,,,,,,,,,,,,,,,,,,,,,,,,,,,,,,,,,,,,,,,,,,,,,,,,,,,,,,,,,,,,,,,,,,,,,,,,,,,,,,,,,,,,,,,,,,,,,,,,,,,,,,,,,,,,0,2,2,2,1,Online_whatL3//b.ñe.sa6.none.none.wav,none,none,chu,ji,gu,sil,mo,li,fu,sil2,ka,do,sil1,,,,,,,,,,,,,,,,,,,,,,,,,,,,,,,,,,,,,,,,,,,,,,,,,,,,,,,,,,,
,,,,,,,s114,A,2024-02-19_20h04.52.495,Unsyncopated_study2,2022.2.5,MacIntel,120.4819277,,,,,,,,,,,,,,,,,,,,,,,,,,,,,,,,,,,,,,,,,,,,,,,,,,,,,,,,,,,,,,,,,,,,,,,,,,,,,,,,,,,,,,,,,,,,,,,,,,,,,,,,,,,,,,,,,,,,,,,,,,,,,,,,,,,,,,,,,,,,"[""space""]",0,3,3,1,1,Online_whatL3//b.ñe.sa5.888.1998.wav,888,1998,di,je,do,sil,ñe,gu,li,sil2,sa,le,sil1,[1.6455000000000837],,,,,,,,,,,,,,,,,,,,,,,,,,,,,,,,,,,,,,,,,,,,,,,,,,,,,,,,,,
,,,,,,,s114,A,2024-02-19_20h04.52.495,Unsyncopated_study2,2022.2.5,MacIntel,120.4819277,,,,,,,,,,,,,,,,,,,,,,,,,,,,,,,,,,,,,,,,,,,,,,,,,,,,,,,,,,,,,,,,,,,,,,,,,,,,,,,,,,,,,,,,,,,,,,,,,,,,,,,,,,,,,,,,,,,,,,,,,,,,,,,,,,,,,,,,,,,,,,,,,,,,,,,,,,,,,,,,,0,8,8,23,1,ñe,sa,36:40,red,,,,,,,,,,,,,,,,,,,,,,,,,,,,,,,,,,,,,,,,,,,,,,,,,
,,,,,,,s114,A,2024-02-19_20h04.52.495,Unsyncopated_study2,2022.2.5,MacIntel,120.4819277,,,,,,,,,,,,,,,,,,,,,,,,,,,,,,,,,,,,,,,,,,,,,,,,,,,,,,,,,,,,,,,,,,,,,,,,,,,,,,,,,,,,,,,,,,,,,,,,,,,,,,,,,,,,,,,,,,,,,,,,,,,,,,,,,,,,,,,,,,,,,0,0,0,2,1,Online_whatL3//c.gu.je2.none.none.wav,none,none,ñe,di,fu,sil,sa,ji,ga,sil1,ko,do,sil2,,,,,,,,,,,,,,,,,,,,,,,,,,,,,,,,,,,,,,,,,,,,,,,,,,,,,,,,,,,
,,,,,,,s114,A,2024-02-19_20h04.52.495,Unsyncopated_study2,2022.2.5,MacIntel,120.4819277,,,,,,,,,,,,,,,,,,,,,,,,,,,,,,,,,,,,,,,,,,,,,,,,,,,,,,,,,,,,,,,,,,,,,,,,,,,,,,,,,,,,,,,,,,,,,,,,,,,,,,,,,,,,,,,,,,,,,,,,,,,,,,,,,,,,,,,,,,,,,0,1,1,0,1,Online_whatL3//c.gu.je0.none.none.wav,none,none,chu,ko,li,sil,mo,ji,le,sil2,ga,di,sil1,,,,,,,,,,,,,,,,,,,,,,,,,,,,,,,,,,,,,,,,,,,,,,,,,,,,,,,,,,,
,,,,,,,s114,A,2024-02-19_20h04.52.495,Unsyncopated_study2,2022.2.5,MacIntel,120.4819277,,,,,,,,,,,,,,,,,,,,,,,,,,,,,,,,,,,,,,,,,,,,,,,,,,,,,,,,,,,,,,,,,,,,,,,,,,,,,,,,,,,,,,,,,,,,,,,,,,,,,,,,,,,,,,,,,,,,,,,,,,,,,,,,,,,,,,,,,,,,"[""space""]",0,2,2,1,1,Online_whatL3//c.gu.je1.222.1332.wav,222,1332,di,gu,le,sil2,chu,je,ga,sil,mo,ka,sil1,[1.0879000000022643],,,,,,,,,,,,,,,,,,,,,,,,,,,,,,,,,,,,,,,,,,,,,,,,,,,,,,,,,,
,,,,,,,s114,A,2024-02-19_20h04.52.495,Unsyncopated_study2,2022.2.5,MacIntel,120.4819277,,,,,,,,,,,,,,,,,,,,,,,,,,,,,,,,,,,,,,,,,,,,,,,,,,,,,,,,,,,,,,,,,,,,,,,,,,,,,,,,,,,,,,,,,,,,,,,,,,,,,,,,,,,,,,,,,,,,,,,,,,,,,,,,,,,,,,,,,,,,,0,3,3,3,1,Online_whatL3//c.gu.je3.none.none.wav,none,none,chu,le,do,sil,mo,ji,ka,sil2,li,fu,sil1,,,,,,,,,,,,,,,,,,,,,,,,,,,,,,,,,,,,,,,,,,,,,,,,,,,,,,,,,,,
,,,,,,,s114,A,2024-02-19_20h04.52.495,Unsyncopated_study2,2022.2.5,MacIntel,120.4819277,,,,,,,,,,,,,,,,,,,,,,,,,,,,,,,,,,,,,,,,,,,,,,,,,,,,,,,,,,,,,,,,,,,,,,,,,,,,,,,,,,,,,,,,,,,,,,,,,,,,,,,,,,,,,,,,,,,,,,,,,,,,,,,,,,,,,,,,,,,,,,,,,,,,,,,,,,,,,,,,,0,9,9,22,1,gu,je,64:68,blue,,,,,,,,,,,,,,,,,,,,,,,,,,,,,,,,,,,,,,,,,,,,,,,,,
,,,,,,,s114,A,2024-02-19_20h04.52.495,Unsyncopated_study2,2022.2.5,MacIntel,120.4819277,,,,,,,,,,,,,,,,,,,,,,,,,,,,,,,,,,,,,,,,,,,,,,,,,,,,,,,,,,,,,,,,,,,,,,,,,,,,,,,,,,,,,,,,,,,,,,,,,,,,,,,,,,,,,,,,,,,,,,,,,,,,,,,,,,,,,,,,,,,,,0,0,0,3,1,Online_whatL3//c.gu.je7.none.none.wav,none,none,ga,li,do,sil,ñe,ka,ko,sil1,sa,le,sil2,,,,,,,,,,,,,,,,,,,,,,,,,,,,,,,,,,,,,,,,,,,,,,,,,,,,,,,,,,,
,,,,,,,s114,A,2024-02-19_20h04.52.495,Unsyncopated_study2,2022.2.5,MacIntel,120.4819277,,,,,,,,,,,,,,,,,,,,,,,,,,,,,,,,,,,,,,,,,,,,,,,,,,,,,,,,,,,,,,,,,,,,,,,,,,,,,,,,,,,,,,,,,,,,,,,,,,,,,,,,,,,,,,,,,,,,,,,,,,,,,,,,,,,,,,,,,,,,"[""space""]",0,1,1,0,1,Online_whatL3//c.gu.je4.1110.222.wav,1110,222,do,je,di,sil,ñe,gu,ji,sil1,sa,le,sil2,[1.8536999999996624],,,,,,,,,,,,,,,,,,,,,,,,,,,,,,,,,,,,,,,,,,,,,,,,,,,,,,,,,,
,,,,,,,s114,A,2024-02-19_20h04.52.495,Unsyncopated_study2,2022.2.5,MacIntel,120.4819277,,,,,,,,,,,,,,,,,,,,,,,,,,,,,,,,,,,,,,,,,,,,,,,,,,,,,,,,,,,,,,,,,,,,,,,,,,,,,,,,,,,,,,,,,,,,,,,,,,,,,,,,,,,,,,,,,,,,,,,,,,,,,,,,,,,,,,,,,,,,"[""space""]",0,2,2,2,1,Online_whatL3//c.gu.je6.222.444.wav,222,444,chu,gu,je,sil2,mo,fu,ko,sil,ji,ka,sil1,[1.0969999999997526],,,,,,,,,,,,,,,,,,,,,,,,,,,,,,,,,,,,,,,,,,,,,,,,,,,,,,,,,,
,,,,,,,s114,A,2024-02-19_20h04.52.495,Unsyncopated_study2,2022.2.5,MacIntel,120.4819277,,,,,,,,,,,,,,,,,,,,,,,,,,,,,,,,,,,,,,,,,,,,,,,,,,,,,,,,,,,,,,,,,,,,,,,,,,,,,,,,,,,,,,,,,,,,,,,,,,,,,,,,,,,,,,,,,,,,,,,,,,,,,,,,,,,,,,,,,,,,,0,3,3,1,1,Online_whatL3//c.gu.je5.none.none.wav,none,none,do,di,ji,sil,chu,li,ka,sil1,mo,le,sil2,,,,,,,,,,,,,,,,,,,,,,,,,,,,,,,,,,,,,,,,,,,,,,,,,,,,,,,,,,,
,,,,,,,s114,A,2024-02-19_20h04.52.495,Unsyncopated_study2,2022.2.5,MacIntel,120.4819277,,,,,,,,,,,,,,,,,,,,,,,,,,,,,,,,,,,,,,,,,,,,,,,,,,,,,,,,,,,,,,,,,,,,,,,,,,,,,,,,,,,,,,,,,,,,,,,,,,,,,,,,,,,,,,,,,,,,,,,,,,,,,,,,,,,,,,,,,,,,,,,,,,,,,,,,,,,,,,,,,0,10,10,30,1,gu,je,68:72,blue,,,,,,,,,,,,,,,,,,,,,,,,,,,,,,,,,,,,,,,,,,,,,,,,,
,,,,,,,s114,A,2024-02-19_20h04.52.495,Unsyncopated_study2,2022.2.5,MacIntel,120.4819277,,,,,,,,,,,,,,,,,,,,,,,,,,,,,,,,,,,,,,,,,,,,,,,,,,,,,,,,,,,,,,,,,,,,,,,,,,,,,,,,,,,,,,,,,,,,,,,,,,,,,,,,,,,,,,,,,,,,,,,,,,,,,,,,,,,,,,,,,,,,"[""space""]",0,0,0,3,1,Online_whatL3//c.gu.je23.222.1110.wav,222,1110,ñe,gu,li,sil,sa,je,do,sil2,ka,ko,sil1,[0.9466999999990549],,,,,,,,,,,,,,,,,,,,,,,,,,,,,,,,,,,,,,,,,,,,,,,,,,,,,,,,,,
,,,,,,,s114,A,2024-02-19_20h04.52.495,Unsyncopated_study2,2022.2.5,MacIntel,120.4819277,,,,,,,,,,,,,,,,,,,,,,,,,,,,,,,,,,,,,,,,,,,,,,,,,,,,,,,,,,,,,,,,,,,,,,,,,,,,,,,,,,,,,,,,,,,,,,,,,,,,,,,,,,,,,,,,,,,,,,,,,,,,,,,,,,,,,,,,,,,,"[""space""]",0,1,1,0,1,Online_whatL3//c.gu.je20.0.1110.wav,0,1110,gu,li,ko,sil,chu,je,ga,sil2,mo,le,sil1,[0.727899999998499],,,,,,,,,,,,,,,,,,,,,,,,,,,,,,,,,,,,,,,,,,,,,,,,,,,,,,,,,,
,,,,,,,s114,A,2024-02-19_20h04.52.495,Unsyncopated_study2,2022.2.5,MacIntel,120.4819277,,,,,,,,,,,,,,,,,,,,,,,,,,,,,,,,,,,,,,,,,,,,,,,,,,,,,,,,,,,,,,,,,,,,,,,,,,,,,,,,,,,,,,,,,,,,,,,,,,,,,,,,,,,,,,,,,,,,,,,,,,,,,,,,,,,,,,,,,,,,"[""space""]",0,2,2,1,1,Online_whatL3//c.gu.je21.1332.444.wav,1332,444,chu,li,je,sil,mo,ka,gu,sil1,do,ga,sil2,[2.053399999998419],,,,,,,,,,,,,,,,,,,,,,,,,,,,,,,,,,,,,,,,,,,,,,,,,,,,,,,,,,
,,,,,,,s114,A,2024-02-19_20h04.52.495,Unsyncopated_study2,2022.2.5,MacIntel,120.4819277,,,,,,,,,,,,,,,,,,,,,,,,,,,,,,,,,,,,,,,,,,,,,,,,,,,,,,,,,,,,,,,,,,,,,,,,,,,,,,,,,,,,,,,,,,,,,,,,,,,,,,,,,,,,,,,,,,,,,,,,,,,,,,,,,,,,,,,,,,,,"[""space""]",0,3,3,2,1,Online_whatL3//c.gu.je22.0.444.wav,0,444,gu,li,je,sil2,ñe,ji,ko,sil,sa,ga,sil1,[0.9691000000016174],,,,,,,,,,,,,,,,,,,,,,,,,,,,,,,,,,,,,,,,,,,,,,,,,,,,,,,,,,
,,,,,,,s114,A,2024-02-19_20h04.52.495,Unsyncopated_study2,2022.2.5,MacIntel,120.4819277,,,,,,,,,,,,,,,,,,,,,,,,,,,,,,,,,,,,,,,,,,,,,,,,,,,,,,,,,,,,,,,,,,,,,,,,,,,,,,,,,,,,,,,,,,,,,,,,,,,,,,,,,,,,,,,,,,,,,,,,,,,,,,,,,,,,,,,,,,,,,,,,,,,,,,,,,,,,,,,,,0,11,11,0,1,gu,je,84:88,blue,,,,,,,,,,,,,,,,,,,,,,,,,,,,,,,,,,,,,,,,,,,,,,,,,
,,,,,,,s114,A,2024-02-19_20h04.52.495,Unsyncopated_study2,2022.2.5,MacIntel,120.4819277,,,,,,,,,,,,,,,,,,,,,,,,,,,,,,,,,,,,,,,,,,,,,,,,,,,,,,,,,,,,,,,,,,,,,,,,,,,,,,,,,,,,,,,,,,,,,,,,,,,,,,,,,,,,,,,,,,,,,,,,,,,,,,,,,,,,,,,,,,,,"[""space""]",0,0,0,3,1,Online_whatL3//d.ji.li27.222.1110.wav,222,1110,gu,ji,do,sil,chu,li,ga,sil1,mo,fu,sil2,[1.2395000000001346],,,,,,,,,,,,,,,,,,,,,,,,,,,,,,,,,,,,,,,,,,,,,,,,,,,,,,,,,,
,,,,,,,s114,A,2024-02-19_20h04.52.495,Unsyncopated_study2,2022.2.5,MacIntel,120.4819277,,,,,,,,,,,,,,,,,,,,,,,,,,,,,,,,,,,,,,,,,,,,,,,,,,,,,,,,,,,,,,,,,,,,,,,,,,,,,,,,,,,,,,,,,,,,,,,,,,,,,,,,,,,,,,,,,,,,,,,,,,,,,,,,,,,,,,,,,,,,,0,1,1,2,1,Online_whatL3//d.ji.li26.none.none.wav,none,none,chu,gu,je,sil,mo,di,do,sil1,ka,ga,sil2,,,,,,,,,,,,,,,,,,,,,,,,,,,,,,,,,,,,,,,,,,,,,,,,,,,,,,,,,,,
,,,,,,,s114,A,2024-02-19_20h04.52.495,Unsyncopated_study2,2022.2.5,MacIntel,120.4819277,,,,,,,,,,,,,,,,,,,,,,,,,,,,,,,,,,,,,,,,,,,,,,,,,,,,,,,,,,,,,,,,,,,,,,,,,,,,,,,,,,,,,,,,,,,,,,,,,,,,,,,,,,,,,,,,,,,,,,,,,,,,,,,,,,,,,,,,,,,,,0,2,2,1,1,Online_whatL3//d.ji.li25.none.none.wav,none,none,ñe,gu,ko,sil2,sa,ka,le,sil,do,ga,sil1,,,,,,,,,,,,,,,,,,,,,,,,,,,,,,,,,,,,,,,,,,,,,,,,,,,,,,,,,,,
,,,,,,,s114,A,2024-02-19_20h04.52.495,Unsyncopated_study2,2022.2.5,MacIntel,120.4819277,,,,,,,,,,,,,,,,,,,,,,,,,,,,,,,,,,,,,,,,,,,,,,,,,,,,,,,,,,,,,,,,,,,,,,,,,,,,,,,,,,,,,,,,,,,,,,,,,,,,,,,,,,,,,,,,,,,,,,,,,,,,,,,,,,,,,,,,,,,,,0,3,3,0,1,Online_whatL3//d.ji.li24.1332.1554.wav,1332,1554,chu,di,ko,sil2,mo,ji,li,sil,do,gu,sil1,,,,,,,,,,,,,,,,,,,,,,,,,,,,,,,,,,,,,,,,,,,,,,,,,,,,,,,,,,,
,,,,,,,s114,A,2024-02-19_20h04.52.495,Unsyncopated_study2,2022.2.5,MacIntel,120.4819277,,,,,,,,,,,,,,,,,,,,,,,,,,,,,,,,,,,,,,,,,,,,,,,,,,,,,,,,,,,,,,,,,,,,,,,,,,,,,,,,,,,,,,,,,,,,,,,,,,,,,,,,,,,,,,,,,,,,,,,,,,,,,,,,,,,,,,,,,,,,,,,,,,,,,,,,,,,,,,,,,0,12,12,12,1,ji,li,120:124,green,,,,,,,,,,,,,,,,,,,,,,,,,,,,,,,,,,,,,,,,,,,,,,,,,
,,,,,,,s114,A,2024-02-19_20h04.52.495,Unsyncopated_study2,2022.2.5,MacIntel,120.4819277,,,,,,,,,,,,,,,,,,,,,,,,,,,,,,,,,,,,,,,,,,,,,,,,,,,,,,,,,,,,,,,,,,,,,,,,,,,,,,,,,,,,,,,,,,,,,,,,,,,,,,,,,,,,,,,,,,,,,,,,,,,,,,,,,,,,,,,,,,,,"[""space""]",0,0,0,1,1,Online_whatL3//b.ñe.sa21.0.1110.wav,0,1110,ñe,do,li,sil2,sa,je,ko,sil,le,ga,sil1,[1.3740999999977248],,,,,,,,,,,,,,,,,,,,,,,,,,,,,,,,,,,,,,,,,,,,,,,,,,,,,,,,,,
,,,,,,,s114,A,2024-02-19_20h04.52.495,Unsyncopated_study2,2022.2.5,MacIntel,120.4819277,,,,,,,,,,,,,,,,,,,,,,,,,,,,,,,,,,,,,,,,,,,,,,,,,,,,,,,,,,,,,,,,,,,,,,,,,,,,,,,,,,,,,,,,,,,,,,,,,,,,,,,,,,,,,,,,,,,,,,,,,,,,,,,,,,,,,,,,,,,,,0,1,1,3,1,Online_whatL3//b.ñe.sa23.none.none.wav,none,none,le,je,do,sil,chu,ji,ka,sil2,mo,ko,sil1,,,,,,,,,,,,,,,,,,,,,,,,,,,,,,,,,,,,,,,,,,,,,,,,,,,,,,,,,,,
,,,,,,,s114,A,2024-02-19_20h04.52.495,Unsyncopated_study2,2022.2.5,MacIntel,120.4819277,,,,,,,,,,,,,,,,,,,,,,,,,,,,,,,,,,,,,,,,,,,,,,,,,,,,,,,,,,,,,,,,,,,,,,,,,,,,,,,,,,,,,,,,,,,,,,,,,,,,,,,,,,,,,,,,,,,,,,,,,,,,,,,,,,,,,,,,,,,,,0,2,2,0,1,Online_whatL3//b.ñe.sa20.none.none.wav,none,none,chu,li,do,sil,mo,je,gu,sil1,ga,le,sil2,,,,,,,,,,,,,,,,,,,,,,,,,,,,,,,,,,,,,,,,,,,,,,,,,,,,,,,,,,,
,,,,,,,s114,A,2024-02-19_20h04.52.495,Unsyncopated_study2,2022.2.5,MacIntel,120.4819277,,,,,,,,,,,,,,,,,,,,,,,,,,,,,,,,,,,,,,,,,,,,,,,,,,,,,,,,,,,,,,,,,,,,,,,,,,,,,,,,,,,,,,,,,,,,,,,,,,,,,,,,,,,,,,,,,,,,,,,,,,,,,,,,,,,,,,,,,,,,"[""space""]",0,3,3,2,1,Online_whatL3//b.ñe.sa22.0.1110.wav,0,1110,ñe,gu,fu,sil2,sa,je,ga,sil,do,ko,sil1,[0.7528000000006614],,,,,,,,,,,,,,,,,,,,,,,,,,,,,,,,,,,,,,,,,,,,,,,,,,,,,,,,,,
,,,,,,,s114,A,2024-02-19_20h04.52.495,Unsyncopated_study2,2022.2.5,MacIntel,120.4819277,,,,,,,,,,,,,,,,,,,,,,,,,,,,,,,,,,,,,,,,,,,,,,,,,,,,,,,,,,,,,,,,,,,,,,,,,,,,,,,,,,,,,,,,,,,,,,,,,,,,,,,,,,,,,,,,,,,,,,,,,,,,,,,,,,,,,,,,,,,,,,,,,,,,,,,,,,,,,,,,,0,13,13,20,1,ñe,sa,52:56,red,,,,,,,,,,,,,,,,,,,,,,,,,,,,,,,,,,,,,,,,,,,,,,,,,
,,,,,,,s114,A,2024-02-19_20h04.52.495,Unsyncopated_study2,2022.2.5,MacIntel,120.4819277,,,,,,,,,,,,,,,,,,,,,,,,,,,,,,,,,,,,,,,,,,,,,,,,,,,,,,,,,,,,,,,,,,,,,,,,,,,,,,,,,,,,,,,,,,,,,,,,,,,,,,,,,,,,,,,,,,,,,,,,,,,,,,,,,,,,,,,,,,,,,0,0,0,0,1,Online_whatL3//b.ñe.sa0.none.none.wav,none,none,ko,le,ji,sil2,chu,do,gu,sil,mo,fu,sil1,,,,,,,,,,,,,,,,,,,,,,,,,,,,,,,,,,,,,,,,,,,,,,,,,,,,,,,,,,,
,,,,,,,s114,A,2024-02-19_20h04.52.495,Unsyncopated_study2,2022.2.5,MacIntel,120.4819277,,,,,,,,,,,,,,,,,,,,,,,,,,,,,,,,,,,,,,,,,,,,,,,,,,,,,,,,,,,,,,,,,,,,,,,,,,,,,,,,,,,,,,,,,,,,,,,,,,,,,,,,,,,,,,,,,,,,,,,,,,,,,,,,,,,,,,,,,,,,"[""space""]",0,1,1,1,1,Online_whatL3//b.ñe.sa1.0.888.wav,0,888,ñe,le,je,sil,sa,ka,ko,sil2,do,gu,sil1,[0.7533000000007632],,,,,,,,,,,,,,,,,,,,,,,,,,,,,,,,,,,,,,,,,,,,,,,,,,,,,,,,,,
,,,,,,,s114,A,2024-02-19_20h04.52.495,Unsyncopated_study2,2022.2.5,MacIntel,120.4819277,,,,,,,,,,,,,,,,,,,,,,,,,,,,,,,,,,,,,,,,,,,,,,,,,,,,,,,,,,,,,,,,,,,,,,,,,,,,,,,,,,,,,,,,,,,,,,,,,,,,,,,,,,,,,,,,,,,,,,,,,,,,,,,,,,,,,,,,,,,,"[""space""]",0,2,2,3,1,Online_whatL3//b.ñe.sa3.888.1776.wav,888,1776,le,di,gu,sil,ñe,li,je,sil1,sa,ko,sil2,[1.6481999999991785],,,,,,,,,,,,,,,,,,,,,,,,,,,,,,,,,,,,,,,,,,,,,,,,,,,,,,,,,,
,,,,,,,s114,A,2024-02-19_20h04.52.495,Unsyncopated_study2,2022.2.5,MacIntel,120.4819277,,,,,,,,,,,,,,,,,,,,,,,,,,,,,,,,,,,,,,,,,,,,,,,,,,,,,,,,,,,,,,,,,,,,,,,,,,,,,,,,,,,,,,,,,,,,,,,,,,,,,,,,,,,,,,,,,,,,,,,,,,,,,,,,,,,,,,,,,,,,,0,3,3,2,1,Online_whatL3//b.ñe.sa2.none.none.wav,none,none,fu,ko,di,sil,chu,le,gu,sil2,mo,je,sil1,,,,,,,,,,,,,,,,,,,,,,,,,,,,,,,,,,,,,,,,,,,,,,,,,,,,,,,,,,,
,,,,,,,s114,A,2024-02-19_20h04.52.495,Unsyncopated_study2,2022.2.5,MacIntel,120.4819277,,,,,,,,,,,,,,,,,,,,,,,,,,,,,,,,,,,,,,,,,,,,,,,,,,,,,,,,,,,,,,,,,,,,,,,,,,,,,,,,,,,,,,,,,,,,,,,,,,,,,,,,,,,,,,,,,,,,,,,,,,,,,,,,,,,,,,,,,,,,,,,,,,,,,,,,,,,,,,,,,0,14,14,4,1,ñe,sa,32:36,red,,,,,,,,,,,,,,,,,,,,,,,,,,,,,,,,,,,,,,,,,,,,,,,,,
,,,,,,,s114,A,2024-02-19_20h04.52.495,Unsyncopated_study2,2022.2.5,MacIntel,120.4819277,,,,,,,,,,,,,,,,,,,,,,,,,,,,,,,,,,,,,,,,,,,,,,,,,,,,,,,,,,,,,,,,,,,,,,,,,,,,,,,,,,,,,,,,,,,,,,,,,,,,,,,,,,,,,,,,,,,,,,,,,,,,,,,,,,,,,,,,,,,,"[""space""]",0,0,0,3,1,Online_whatL3//d.ji.li31.1332.444.wav,1332,444,chu,gu,li,sil,mo,ka,ji,sil2,ga,je,sil1,[2.0116000000016356],,,,,,,,,,,,,,,,,,,,,,,,,,,,,,,,,,,,,,,,,,,,,,,,,,,,,,,,,,
,,,,,,,s114,A,2024-02-19_20h04.52.495,Unsyncopated_study2,2022.2.5,MacIntel,120.4819277,,,,,,,,,,,,,,,,,,,,,,,,,,,,,,,,,,,,,,,,,,,,,,,,,,,,,,,,,,,,,,,,,,,,,,,,,,,,,,,,,,,,,,,,,,,,,,,,,,,,,,,,,,,,,,,,,,,,,,,,,,,,,,,,,,,,,,,,,,,,"[""space""]",0,1,1,1,1,Online_whatL3//d.ji.li29.1554.222.wav,1554,222,je,li,ga,sil2,ñe,do,ji,sil,sa,gu,sil1,[2.2348000000006323],,,,,,,,,,,,,,,,,,,,,,,,,,,,,,,,,,,,,,,,,,,,,,,,,,,,,,,,,,
,,,,,,,s114,A,2024-02-19_20h04.52.495,Unsyncopated_study2,2022.2.5,MacIntel,120.4819277,,,,,,,,,,,,,,,,,,,,,,,,,,,,,,,,,,,,,,,,,,,,,,,,,,,,,,,,,,,,,,,,,,,,,,,,,,,,,,,,,,,,,,,,,,,,,,,,,,,,,,,,,,,,,,,,,,,,,,,,,,,,,,,,,,,,,,,,,,,,,0,2,2,0,1,Online_whatL3//d.ji.li28.none.none.wav,none,none,ñe,ka,di,sil2,sa,le,ko,sil,je,ga,sil1,,,,,,,,,,,,,,,,,,,,,,,,,,,,,,,,,,,,,,,,,,,,,,,,,,,,,,,,,,,
,,,,,,,s114,A,2024-02-19_20h04.52.495,Unsyncopated_study2,2022.2.5,MacIntel,120.4819277,,,,,,,,,,,,,,,,,,,,,,,,,,,,,,,,,,,,,,,,,,,,,,,,,,,,,,,,,,,,,,,,,,,,,,,,,,,,,,,,,,,,,,,,,,,,,,,,,,,,,,,,,,,,,,,,,,,,,,,,,,,,,,,,,,,,,,,,,,,,,0,3,3,2,1,Online_whatL3//d.ji.li30.none.none.wav,none,none,gu,di,fu,sil,ñe,je,le,sil1,sa,ko,sil2,,,,,,,,,,,,,,,,,,,,,,,,,,,,,,,,,,,,,,,,,,,,,,,,,,,,,,,,,,,
,,,,,,,s114,A,2024-02-19_20h04.52.495,Unsyncopated_study2,2022.2.5,MacIntel,120.4819277,,,,,,,,,,,,,,,,,,,,,,,,,,,,,,,,,,,,,,,,,,,,,,,,,,,,,,,,,,,,,,,,,,,,,,,,,,,,,,,,,,,,,,,,,,,,,,,,,,,,,,,,,,,,,,,,,,,,,,,,,,,,,,,,,,,,,,,,,,,,,,,,,,,,,,,,,,,,,,,,,0,15,15,29,1,ji,li,124:128,green,,,,,,,,,,,,,,,,,,,,,,,,,,,,,,,,,,,,,,,,,,,,,,,,,
,,,,,,,s114,A,2024-02-19_20h04.52.495,Unsyncopated_study2,2022.2.5,MacIntel,120.4819277,,,,,,,,,,,,,,,,,,,,,,,,,,,,,,,,,,,,,,,,,,,,,,,,,,,,,,,,,,,,,,,,,,,,,,,,,,,,,,,,,,,,,,,,,,,,,,,,,,,,,,,,,,,,,,,,,,,,,,,,,,,,,,,,,,,,,,,,,,,,"[""space""]",0,0,0,2,1,Online_whatL3//d.ji.li14.222.1110.wav,222,1110,chu,ji,ko,sil,mo,li,ga,sil2,do,di,sil1,[1.0926000000013119],,,,,,,,,,,,,,,,,,,,,,,,,,,,,,,,,,,,,,,,,,,,,,,,,,,,,,,,,,
,,,,,,,s114,A,2024-02-19_20h04.52.495,Unsyncopated_study2,2022.2.5,MacIntel,120.4819277,,,,,,,,,,,,,,,,,,,,,,,,,,,,,,,,,,,,,,,,,,,,,,,,,,,,,,,,,,,,,,,,,,,,,,,,,,,,,,,,,,,,,,,,,,,,,,,,,,,,,,,,,,,,,,,,,,,,,,,,,,,,,,,,,,,,,,,,,,,,,0,1,1,1,1,Online_whatL3//d.ji.li13.none.none.wav,none,none,ga,do,le,sil,chu,ko,ka,sil1,mo,di,sil2,,,,,,,,,,,,,,,,,,,,,,,,,,,,,,,,,,,,,,,,,,,,,,,,,,,,,,,,,,,
,,,,,,,s114,A,2024-02-19_20h04.52.495,Unsyncopated_study2,2022.2.5,MacIntel,120.4819277,,,,,,,,,,,,,,,,,,,,,,,,,,,,,,,,,,,,,,,,,,,,,,,,,,,,,,,,,,,,,,,,,,,,,,,,,,,,,,,,,,,,,,,,,,,,,,,,,,,,,,,,,,,,,,,,,,,,,,,,,,,,,,,,,,,,,,,,,,,,,0,2,2,0,1,Online_whatL3//d.ji.li12.none.none.wav,none,none,chu,je,fu,sil,mo,ga,le,sil2,di,gu,sil1,,,,,,,,,,,,,,,,,,,,,,,,,,,,,,,,,,,,,,,,,,,,,,,,,,,,,,,,,,,
,,,,,,,s114,A,2024-02-19_20h04.52.495,Unsyncopated_study2,2022.2.5,MacIntel,120.4819277,,,,,,,,,,,,,,,,,,,,,,,,,,,,,,,,,,,,,,,,,,,,,,,,,,,,,,,,,,,,,,,,,,,,,,,,,,,,,,,,,,,,,,,,,,,,,,,,,,,,,,,,,,,,,,,,,,,,,,,,,,,,,,,,,,,,,,,,,,,,"[""space""]",0,3,3,3,1,Online_whatL3//d.ji.li15.222.444.wav,222,444,fu,ji,li,sil2,chu,je,ga,sil,mo,di,sil1,[1.1359999999999673],,,,,,,,,,,,,,,,,,,,,,,,,,,,,,,,,,,,,,,,,,,,,,,,,,,,,,,,,,
,,,,,,,s114,A,2024-02-19_20h04.52.495,Unsyncopated_study2,2022.2.5,MacIntel,120.4819277,,,,,,,,,,,,,,,,,,,,,,,,,,,,,,,,,,,,,,,,,,,,,,,,,,,,,,,,,,,,,,,,,,,,,,,,,,,,,,,,,,,,,,,,,,,,,,,,,,,,,,,,,,,,,,,,,,,,,,,,,,,,,,,,,,,,,,,,,,,,,,,,,,,,,,,,,,,,,,,,,0,16,16,25,1,ji,li,108:112,green,,,,,,,,,,,,,,,,,,,,,,,,,,,,,,,,,,,,,,,,,,,,,,,,,
,,,,,,,s114,A,2024-02-19_20h04.52.495,Unsyncopated_study2,2022.2.5,MacIntel,120.4819277,,,,,,,,,,,,,,,,,,,,,,,,,,,,,,,,,,,,,,,,,,,,,,,,,,,,,,,,,,,,,,,,,,,,,,,,,,,,,,,,,,,,,,,,,,,,,,,,,,,,,,,,,,,,,,,,,,,,,,,,,,,,,,,,,,,,,,,,,,,,,0,0,0,0,1,Online_whatL3//d.ji.li0.1776.1110.wav,1776,1110,ñe,do,fu,sil,sa,li,gu,sil1,ji,ka,sil2,,,,,,,,,,,,,,,,,,,,,,,,,,,,,,,,,,,,,,,,,,,,,,,,,,,,,,,,,,,
,,,,,,,s114,A,2024-02-19_20h04.52.495,Unsyncopated_study2,2022.2.5,MacIntel,120.4819277,,,,,,,,,,,,,,,,,,,,,,,,,,,,,,,,,,,,,,,,,,,,,,,,,,,,,,,,,,,,,,,,,,,,,,,,,,,,,,,,,,,,,,,,,,,,,,,,,,,,,,,,,,,,,,,,,,,,,,,,,,,,,,,,,,,,,,,,,,,,"[""space""]",0,1,1,2,1,Online_whatL3//d.ji.li2.none.none.wav,none,none,ga,do,ka,sil2,ñe,fu,di,sil,sa,le,sil1,[0.003499999999803549],,,,,,,,,,,,,,,,,,,,,,,,,,,,,,,,,,,,,,,,,,,,,,,,,,,,,,,,,,
,,,,,,,s114,A,2024-02-19_20h04.52.495,Unsyncopated_study2,2022.2.5,MacIntel,120.4819277,,,,,,,,,,,,,,,,,,,,,,,,,,,,,,,,,,,,,,,,,,,,,,,,,,,,,,,,,,,,,,,,,,,,,,,,,,,,,,,,,,,,,,,,,,,,,,,,,,,,,,,,,,,,,,,,,,,,,,,,,,,,,,,,,,,,,,,,,,,,"[""space""]",0,2,2,1,1,Online_whatL3//d.ji.li1.444.1110.wav,444,1110,chu,je,ji,sil,mo,li,ko,sil1,le,do,sil2,[1.181799999996656],,,,,,,,,,,,,,,,,,,,,,,,,,,,,,,,,,,,,,,,,,,,,,,,,,,,,,,,,,
,,,,,,,s114,A,2024-02-19_20h04.52.495,Unsyncopated_study2,2022.2.5,MacIntel,120.4819277,,,,,,,,,,,,,,,,,,,,,,,,,,,,,,,,,,,,,,,,,,,,,,,,,,,,,,,,,,,,,,,,,,,,,,,,,,,,,,,,,,,,,,,,,,,,,,,,,,,,,,,,,,,,,,,,,,,,,,,,,,,,,,,,,,,,,,,,,,,,,0,3,3,3,1,Online_whatL3//d.ji.li3.none.none.wav,none,none,ñe,di,le,sil,sa,je,gu,sil2,do,ga,sil1,,,,,,,,,,,,,,,,,,,,,,,,,,,,,,,,,,,,,,,,,,,,,,,,,,,,,,,,,,,
,,,,,,,s114,A,2024-02-19_20h04.52.495,Unsyncopated_study2,2022.2.5,MacIntel,120.4819277,,,,,,,,,,,,,,,,,,,,,,,,,,,,,,,,,,,,,,,,,,,,,,,,,,,,,,,,,,,,,,,,,,,,,,,,,,,,,,,,,,,,,,,,,,,,,,,,,,,,,,,,,,,,,,,,,,,,,,,,,,,,,,,,,,,,,,,,,,,,,,,,,,,,,,,,,,,,,,,,,0,17,17,13,1,ji,li,96:100,green,,,,,,,,,,,,,,,,,,,,,,,,,,,,,,,,,,,,,,,,,,,,,,,,,
,,,,,,,s114,A,2024-02-19_20h04.52.495,Unsyncopated_study2,2022.2.5,MacIntel,120.4819277,,,,,,,,,,,,,,,,,,,,,,,,,,,,,,,,,,,,,,,,,,,,,,,,,,,,,,,,,,,,,,,,,,,,,,,,,,,,,,,,,,,,,,,,,,,,,,,,,,,,,,,,,,,,,,,,,,,,,,,,,,,,,,,,,,,,,,,,,,,,,0,0,0,2,1,Online_whatL3//c.gu.je30.none.none.wav,none,none,ka,li,do,sil2,ñe,fu,ga,sil,sa,di,sil1,,,,,,,,,,,,,,,,,,,,,,,,,,,,,,,,,,,,,,,,,,,,,,,,,,,,,,,,,,,
,,,,,,,s114,A,2024-02-19_20h04.52.495,Unsyncopated_study2,2022.2.5,MacIntel,120.4819277,,,,,,,,,,,,,,,,,,,,,,,,,,,,,,,,,,,,,,,,,,,,,,,,,,,,,,,,,,,,,,,,,,,,,,,,,,,,,,,,,,,,,,,,,,,,,,,,,,,,,,,,,,,,,,,,,,,,,,,,,,,,,,,,,,,,,,,,,,,,,0,1,1,3,1,Online_whatL3//c.gu.je31.none.none.wav,none,none,chu,fu,ko,sil,mo,li,di,sil2,ga,ka,sil1,,,,,,,,,,,,,,,,,,,,,,,,,,,,,,,,,,,,,,,,,,,,,,,,,,,,,,,,,,,
,,,,,,,s114,A,2024-02-19_20h04.52.495,Unsyncopated_study2,2022.2.5,MacIntel,120.4819277,,,,,,,,,,,,,,,,,,,,,,,,,,,,,,,,,,,,,,,,,,,,,,,,,,,,,,,,,,,,,,,,,,,,,,,,,,,,,,,,,,,,,,,,,,,,,,,,,,,,,,,,,,,,,,,,,,,,,,,,,,,,,,,,,,,,,,,,,,,,"[""space""]",0,2,2,0,1,Online_whatL3//c.gu.je28.1332.444.wav,1332,444,ñe,ko,je,sil,sa,fu,gu,sil1,le,ji,sil2,[2.062300000000505],,,,,,,,,,,,,,,,,,,,,,,,,,,,,,,,,,,,,,,,,,,,,,,,,,,,,,,,,,
,,,,,,,s114,A,2024-02-19_20h04.52.495,Unsyncopated_study2,2022.2.5,MacIntel,120.4819277,,,,,,,,,,,,,,,,,,,,,,,,,,,,,,,,,,,,,,,,,,,,,,,,,,,,,,,,,,,,,,,,,,,,,,,,,,,,,,,,,,,,,,,,,,,,,,,,,,,,,,,,,,,,,,,,,,,,,,,,,,,,,,,,,,,,,,,,,,,,"[""space""]",0,3,3,1,1,Online_whatL3//c.gu.je29.1332.222.wav,1332,222,ko,je,le,sil2,chu,gu,do,sil,mo,ji,sil1,[2.0612000000028274],,,,,,,,,,,,,,,,,,,,,,,,,,,,,,,,,,,,,,,,,,,,,,,,,,,,,,,,,,
,,,,,,,s114,A,2024-02-19_20h04.52.495,Unsyncopated_study2,2022.2.5,MacIntel,120.4819277,,,,,,,,,,,,,,,,,,,,,,,,,,,,,,,,,,,,,,,,,,,,,,,,,,,,,,,,,,,,,,,,,,,,,,,,,,,,,,,,,,,,,,,,,,,,,,,,,,,,,,,,,,,,,,,,,,,,,,,,,,,,,,,,,,,,,,,,,,,,,,,,,,,,,,,,,,,,,,,,,0,18,18,26,1,gu,je,92:96,blue,,,,,,,,,,,,,,,,,,,,,,,,,,,,,,,,,,,,,,,,,,,,,,,,,
,,,,,,,s114,A,2024-02-19_20h04.52.495,Unsyncopated_study2,2022.2.5,MacIntel,120.4819277,,,,,,,,,,,,,,,,,,,,,,,,,,,,,,,,,,,,,,,,,,,,,,,,,,,,,,,,,,,,,,,,,,,,,,,,,,,,,,,,,,,,,,,,,,,,,,,,,,,,,,,,,,,,,,,,,,,,,,,,,,,,,,,,,,,,,,,,,,,,,0,0,0,2,1,Online_whatL3//a.chu.mo22.none.none.wav,none,none,ñe,gu,fu,sil,sa,di,li,sil1,do,ji,sil2,,,,,,,,,,,,,,,,,,,,,,,,,,,,,,,,,,,,,,,,,,,,,,,,,,,,,,,,,,,
,,,,,,,s114,A,2024-02-19_20h04.52.495,Unsyncopated_study2,2022.2.5,MacIntel,120.4819277,,,,,,,,,,,,,,,,,,,,,,,,,,,,,,,,,,,,,,,,,,,,,,,,,,,,,,,,,,,,,,,,,,,,,,,,,,,,,,,,,,,,,,,,,,,,,,,,,,,,,,,,,,,,,,,,,,,,,,,,,,,,,,,,,,,,,,,,,,,,,0,1,1,3,1,Online_whatL3//a.chu.mo23.888.1998.wav,1998,888,fu,ko,li,sil,chu,ga,je,sil2,mo,ji,sil1,,,,,,,,,,,,,,,,,,,,,,,,,,,,,,,,,,,,,,,,,,,,,,,,,,,,,,,,,,,
,,,,,,,s114,A,2024-02-19_20h04.52.495,Unsyncopated_study2,2022.2.5,MacIntel,120.4819277,,,,,,,,,,,,,,,,,,,,,,,,,,,,,,,,,,,,,,,,,,,,,,,,,,,,,,,,,,,,,,,,,,,,,,,,,,,,,,,,,,,,,,,,,,,,,,,,,,,,,,,,,,,,,,,,,,,,,,,,,,,,,,,,,,,,,,,,,,,,"[""space""]",0,2,2,1,1,Online_whatL3//a.chu.mo21.none.none.wav,none,none,ñe,ko,do,sil,sa,li,ji,sil1,gu,ka,sil2,[0.04480000000103246],,,,,,,,,,,,,,,,,,,,,,,,,,,,,,,,,,,,,,,,,,,,,,,,,,,,,,,,,,
,,,,,,,s114,A,2024-02-19_20h04.52.495,Unsyncopated_study2,2022.2.5,MacIntel,120.4819277,,,,,,,,,,,,,,,,,,,,,,,,,,,,,,,,,,,,,,,,,,,,,,,,,,,,,,,,,,,,,,,,,,,,,,,,,,,,,,,,,,,,,,,,,,,,,,,,,,,,,,,,,,,,,,,,,,,,,,,,,,,,,,,,,,,,,,,,,,,,"[""space""]",0,3,3,0,1,Online_whatL3//a.chu.mo20.888.1776.wav,1776,888,ko,fu,ka,sil,chu,le,do,sil1,mo,je,sil2,[2.5138000000010834],,,,,,,,,,,,,,,,,,,,,,,,,,,,,,,,,,,,,,,,,,,,,,,,,,,,,,,,,,
,,,,,,,s114,A,2024-02-19_20h04.52.495,Unsyncopated_study2,2022.2.5,MacIntel,120.4819277,,,,,,,,,,,,,,,,,,,,,,,,,,,,,,,,,,,,,,,,,,,,,,,,,,,,,,,,,,,,,,,,,,,,,,,,,,,,,,,,,,,,,,,,,,,,,,,,,,,,,,,,,,,,,,,,,,,,,,,,,,,,,,,,,,,,,,,,,,,,,,,,,,,,,,,,,,,,,,,,,0,19,19,9,1,mo,chu,20:24,orange,,,,,,,,,,,,,,,,,,,,,,,,,,,,,,,,,,,,,,,,,,,,,,,,,
,,,,,,,s114,A,2024-02-19_20h04.52.495,Unsyncopated_study2,2022.2.5,MacIntel,120.4819277,,,,,,,,,,,,,,,,,,,,,,,,,,,,,,,,,,,,,,,,,,,,,,,,,,,,,,,,,,,,,,,,,,,,,,,,,,,,,,,,,,,,,,,,,,,,,,,,,,,,,,,,,,,,,,,,,,,,,,,,,,,,,,,,,,,,,,,,,,,,"[""space""]",0,0,0,1,1,Online_whatL3//b.ñe.sa13.888.1776.wav,888,1776,di,ga,ji,sil,ñe,li,ko,sil1,sa,le,sil2,[1.5905000000002474],,,,,,,,,,,,,,,,,,,,,,,,,,,,,,,,,,,,,,,,,,,,,,,,,,,,,,,,,,
,,,,,,,s114,A,2024-02-19_20h04.52.495,Unsyncopated_study2,2022.2.5,MacIntel,120.4819277,,,,,,,,,,,,,,,,,,,,,,,,,,,,,,,,,,,,,,,,,,,,,,,,,,,,,,,,,,,,,,,,,,,,,,,,,,,,,,,,,,,,,,,,,,,,,,,,,,,,,,,,,,,,,,,,,,,,,,,,,,,,,,,,,,,,,,,,,,,,"[""space""]",0,1,1,2,1,Online_whatL3//b.ñe.sa14.0.888.wav,0,888,ñe,le,je,sil,sa,li,fu,sil2,ko,ji,sil1,[0.7746999999990294],,,,,,,,,,,,,,,,,,,,,,,,,,,,,,,,,,,,,,,,,,,,,,,,,,,,,,,,,,
,,,,,,,s114,A,2024-02-19_20h04.52.495,Unsyncopated_study2,2022.2.5,MacIntel,120.4819277,,,,,,,,,,,,,,,,,,,,,,,,,,,,,,,,,,,,,,,,,,,,,,,,,,,,,,,,,,,,,,,,,,,,,,,,,,,,,,,,,,,,,,,,,,,,,,,,,,,,,,,,,,,,,,,,,,,,,,,,,,,,,,,,,,,,,,,,,,,,,0,2,2,0,1,Online_whatL3//b.ñe.sa12.none.none.wav,none,none,chu,ji,di,sil2,mo,ka,li,sil,do,ko,sil1,,,,,,,,,,,,,,,,,,,,,,,,,,,,,,,,,,,,,,,,,,,,,,,,,,,,,,,,,,,
,,,,,,,s114,A,2024-02-19_20h04.52.495,Unsyncopated_study2,2022.2.5,MacIntel,120.4819277,,,,,,,,,,,,,,,,,,,,,,,,,,,,,,,,,,,,,,,,,,,,,,,,,,,,,,,,,,,,,,,,,,,,,,,,,,,,,,,,,,,,,,,,,,,,,,,,,,,,,,,,,,,,,,,,,,,,,,,,,,,,,,,,,,,,,,,,,,,,"[""space""]",0,3,3,3,1,Online_whatL3//b.ñe.sa15.0.888.wav,0,888,ñe,li,ka,sil,sa,le,fu,sil2,je,do,sil1,[0.7713999999982661],,,,,,,,,,,,,,,,,,,,,,,,,,,,,,,,,,,,,,,,,,,,,,,,,,,,,,,,,,
,,,,,,,s114,A,2024-02-19_20h04.52.495,Unsyncopated_study2,2022.2.5,MacIntel,120.4819277,,,,,,,,,,,,,,,,,,,,,,,,,,,,,,,,,,,,,,,,,,,,,,,,,,,,,,,,,,,,,,,,,,,,,,,,,,,,,,,,,,,,,,,,,,,,,,,,,,,,,,,,,,,,,,,,,,,,,,,,,,,,,,,,,,,,,,,,,,,,,,,,,,,,,,,,,,,,,,,,,0,20,20,5,1,ñe,sa,44:48,red,,,,,,,,,,,,,,,,,,,,,,,,,,,,,,,,,,,,,,,,,,,,,,,,,
,,,,,,,s114,A,2024-02-19_20h04.52.495,Unsyncopated_study2,2022.2.5,MacIntel,120.4819277,,,,,,,,,,,,,,,,,,,,,,,,,,,,,,,,,,,,,,,,,,,,,,,,,,,,,,,,,,,,,,,,,,,,,,,,,,,,,,,,,,,,,,,,,,,,,,,,,,,,,,,,,,,,,,,,,,,,,,,,,,,,,,,,,,,,,,,,,,,,"[""space""]",0,0,0,0,1,Online_whatL3//c.gu.je24.222.1110.wav,222,1110,fu,gu,do,sil,ñe,je,di,sil1,sa,ga,sil2,[1.086999999999989],,,,,,,,,,,,,,,,,,,,,,,,,,,,,,,,,,,,,,,,,,,,,,,,,,,,,,,,,,
,,,,,,,s114,A,2024-02-19_20h04.52.495,Unsyncopated_study2,2022.2.5,MacIntel,120.4819277,,,,,,,,,,,,,,,,,,,,,,,,,,,,,,,,,,,,,,,,,,,,,,,,,,,,,,,,,,,,,,,,,,,,,,,,,,,,,,,,,,,,,,,,,,,,,,,,,,,,,,,,,,,,,,,,,,,,,,,,,,,,,,,,,,,,,,,,,,,,,0,1,1,2,1,Online_whatL3//c.gu.je26.none.none.wav,none,none,chu,di,le,sil,mo,li,ko,sil2,ka,fu,sil1,,,,,,,,,,,,,,,,,,,,,,,,,,,,,,,,,,,,,,,,,,,,,,,,,,,,,,,,,,,
,,,,,,,s114,A,2024-02-19_20h04.52.495,Unsyncopated_study2,2022.2.5,MacIntel,120.4819277,,,,,,,,,,,,,,,,,,,,,,,,,,,,,,,,,,,,,,,,,,,,,,,,,,,,,,,,,,,,,,,,,,,,,,,,,,,,,,,,,,,,,,,,,,,,,,,,,,,,,,,,,,,,,,,,,,,,,,,,,,,,,,,,,,,,,,,,,,,,"[""space""]",0,2,2,3,1,Online_whatL3//c.gu.je27.1776.222.wav,1776,222,ñe,je,li,sil,sa,ji,ga,sil1,gu,fu,sil2,[2.5039999999999054],,,,,,,,,,,,,,,,,,,,,,,,,,,,,,,,,,,,,,,,,,,,,,,,,,,,,,,,,,
,,,,,,,s114,A,2024-02-19_20h04.52.495,Unsyncopated_study2,2022.2.5,MacIntel,120.4819277,,,,,,,,,,,,,,,,,,,,,,,,,,,,,,,,,,,,,,,,,,,,,,,,,,,,,,,,,,,,,,,,,,,,,,,,,,,,,,,,,,,,,,,,,,,,,,,,,,,,,,,,,,,,,,,,,,,,,,,,,,,,,,,,,,,,,,,,,,,,,0,3,3,1,1,Online_whatL3//c.gu.je25.none.none.wav,none,none,ñe,ko,ka,sil,sa,do,li,sil2,di,ji,sil1,,,,,,,,,,,,,,,,,,,,,,,,,,,,,,,,,,,,,,,,,,,,,,,,,,,,,,,,,,,
,,,,,,,s114,A,2024-02-19_20h04.52.495,Unsyncopated_study2,2022.2.5,MacIntel,120.4819277,,,,,,,,,,,,,,,,,,,,,,,,,,,,,,,,,,,,,,,,,,,,,,,,,,,,,,,,,,,,,,,,,,,,,,,,,,,,,,,,,,,,,,,,,,,,,,,,,,,,,,,,,,,,,,,,,,,,,,,,,,,,,,,,,,,,,,,,,,,,,,,,,,,,,,,,,,,,,,,,,0,21,21,24,1,gu,je,88:92,blue,,,,,,,,,,,,,,,,,,,,,,,,,,,,,,,,,,,,,,,,,,,,,,,,,
,,,,,,,s114,A,2024-02-19_20h04.52.495,Unsyncopated_study2,2022.2.5,MacIntel,120.4819277,,,,,,,,,,,,,,,,,,,,,,,,,,,,,,,,,,,,,,,,,,,,,,,,,,,,,,,,,,,,,,,,,,,,,,,,,,,,,,,,,,,,,,,,,,,,,,,,,,,,,,,,,,,,,,,,,,,,,,,,,,,,,,,,,,,,,,,,,,,,"[""space""]",0,0,0,3,1,Online_whatL3//b.ñe.sa27.1110.1998.wav,1110,1998,ga,je,fu,sil2,ñe,li,gu,sil,sa,ka,sil1,[1.7489999999997963],,,,,,,,,,,,,,,,,,,,,,,,,,,,,,,,,,,,,,,,,,,,,,,,,,,,,,,,,,
,,,,,,,s114,A,2024-02-19_20h04.52.495,Unsyncopated_study2,2022.2.5,MacIntel,120.4819277,,,,,,,,,,,,,,,,,,,,,,,,,,,,,,,,,,,,,,,,,,,,,,,,,,,,,,,,,,,,,,,,,,,,,,,,,,,,,,,,,,,,,,,,,,,,,,,,,,,,,,,,,,,,,,,,,,,,,,,,,,,,,,,,,,,,,,,,,,,,,0,1,1,2,1,Online_whatL3//b.ñe.sa26.none.none.wav,none,none,chu,di,ga,sil,mo,li,le,sil2,ka,ko,sil1,,,,,,,,,,,,,,,,,,,,,,,,,,,,,,,,,,,,,,,,,,,,,,,,,,,,,,,,,,,
,,,,,,,s114,A,2024-02-19_20h04.52.495,Unsyncopated_study2,2022.2.5,MacIntel,120.4819277,,,,,,,,,,,,,,,,,,,,,,,,,,,,,,,,,,,,,,,,,,,,,,,,,,,,,,,,,,,,,,,,,,,,,,,,,,,,,,,,,,,,,,,,,,,,,,,,,,,,,,,,,,,,,,,,,,,,,,,,,,,,,,,,,,,,,,,,,,,,"[""space""]",0,2,2,1,1,Online_whatL3//b.ñe.sa25.0.888.wav,0,888,ñe,di,do,sil,sa,ko,le,sil2,gu,ka,sil1,[0.7690999999977066],,,,,,,,,,,,,,,,,,,,,,,,,,,,,,,,,,,,,,,,,,,,,,,,,,,,,,,,,,
,,,,,,,s114,A,2024-02-19_20h04.52.495,Unsyncopated_study2,2022.2.5,MacIntel,120.4819277,,,,,,,,,,,,,,,,,,,,,,,,,,,,,,,,,,,,,,,,,,,,,,,,,,,,,,,,,,,,,,,,,,,,,,,,,,,,,,,,,,,,,,,,,,,,,,,,,,,,,,,,,,,,,,,,,,,,,,,,,,,,,,,,,,,,,,,,,,,,"[""space""]",0,3,3,0,1,Online_whatL3//b.ñe.sa24.0.888.wav,0,888,ñe,je,ga,sil,sa,di,ji,sil1,li,ka,sil2,[0.809399999998277],,,,,,,,,,,,,,,,,,,,,,,,,,,,,,,,,,,,,,,,,,,,,,,,,,,,,,,,,,
,,,,,,,s114,A,2024-02-19_20h04.52.495,Unsyncopated_study2,2022.2.5,MacIntel,120.4819277,,,,,,,,,,,,,,,,,,,,,,,,,,,,,,,,,,,,,,,,,,,,,,,,,,,,,,,,,,,,,,,,,,,,,,,,,,,,,,,,,,,,,,,,,,,,,,,,,,,,,,,,,,,,,,,,,,,,,,,,,,,,,,,,,,,,,,,,,,,,,,,,,,,,,,,,,,,,,,,,,0,22,22,27,1,ñe,sa,56:60,red,,,,,,,,,,,,,,,,,,,,,,,,,,,,,,,,,,,,,,,,,,,,,,,,,
,,,,,,,s114,A,2024-02-19_20h04.52.495,Unsyncopated_study2,2022.2.5,MacIntel,120.4819277,,,,,,,,,,,,,,,,,,,,,,,,,,,,,,,,,,,,,,,,,,,,,,,,,,,,,,,,,,,,,,,,,,,,,,,,,,,,,,,,,,,,,,,,,,,,,,,,,,,,,,,,,,,,,,,,,,,,,,,,,,,,,,,,,,,,,,,,,,,,,0,0,0,1,1,Online_whatL3//b.ñe.sa29.none.none.wav,none,none,chu,le,ga,sil,mo,fu,di,sil2,ji,ko,sil1,,,,,,,,,,,,,,,,,,,,,,,,,,,,,,,,,,,,,,,,,,,,,,,,,,,,,,,,,,,
,,,,,,,s114,A,2024-02-19_20h04.52.495,Unsyncopated_study2,2022.2.5,MacIntel,120.4819277,,,,,,,,,,,,,,,,,,,,,,,,,,,,,,,,,,,,,,,,,,,,,,,,,,,,,,,,,,,,,,,,,,,,,,,,,,,,,,,,,,,,,,,,,,,,,,,,,,,,,,,,,,,,,,,,,,,,,,,,,,,,,,,,,,,,,,,,,,,,"[""space""]",0,1,1,2,1,Online_whatL3//b.ñe.sa30.888.1998.wav,888,1998,li,do,ko,sil,ñe,ka,ji,sil2,sa,fu,sil1,[1.6451999999990221],,,,,,,,,,,,,,,,,,,,,,,,,,,,,,,,,,,,,,,,,,,,,,,,,,,,,,,,,,
,,,,,,,s114,A,2024-02-19_20h04.52.495,Unsyncopated_study2,2022.2.5,MacIntel,120.4819277,,,,,,,,,,,,,,,,,,,,,,,,,,,,,,,,,,,,,,,,,,,,,,,,,,,,,,,,,,,,,,,,,,,,,,,,,,,,,,,,,,,,,,,,,,,,,,,,,,,,,,,,,,,,,,,,,,,,,,,,,,,,,,,,,,,,,,,,,,,,,0,2,2,0,1,Online_whatL3//b.ñe.sa28.none.none.wav,none,none,do,gu,le,sil2,chu,ka,ga,sil,mo,je,sil1,,,,,,,,,,,,,,,,,,,,,,,,,,,,,,,,,,,,,,,,,,,,,,,,,,,,,,,,,,,
,,,,,,,s114,A,2024-02-19_20h04.52.495,Unsyncopated_study2,2022.2.5,MacIntel,120.4819277,,,,,,,,,,,,,,,,,,,,,,,,,,,,,,,,,,,,,,,,,,,,,,,,,,,,,,,,,,,,,,,,,,,,,,,,,,,,,,,,,,,,,,,,,,,,,,,,,,,,,,,,,,,,,,,,,,,,,,,,,,,,,,,,,,,,,,,,,,,,,0,3,3,3,1,Online_whatL3//b.ñe.sa31.none.none.wav,none,none,chu,ji,fu,sil,mo,li,le,sil1,ka,ko,sil2,,,,,,,,,,,,,,,,,,,,,,,,,,,,,,,,,,,,,,,,,,,,,,,,,,,,,,,,,,,
,,,,,,,s114,A,2024-02-19_20h04.52.495,Unsyncopated_study2,2022.2.5,MacIntel,120.4819277,,,,,,,,,,,,,,,,,,,,,,,,,,,,,,,,,,,,,,,,,,,,,,,,,,,,,,,,,,,,,,,,,,,,,,,,,,,,,,,,,,,,,,,,,,,,,,,,,,,,,,,,,,,,,,,,,,,,,,,,,,,,,,,,,,,,,,,,,,,,,,,,,,,,,,,,,,,,,,,,,0,23,23,15,1,ñe,sa,60:64,red,,,,,,,,,,,,,,,,,,,,,,,,,,,,,,,,,,,,,,,,,,,,,,,,,
,,,,,,,s114,A,2024-02-19_20h04.52.495,Unsyncopated_study2,2022.2.5,MacIntel,120.4819277,,,,,,,,,,,,,,,,,,,,,,,,,,,,,,,,,,,,,,,,,,,,,,,,,,,,,,,,,,,,,,,,,,,,,,,,,,,,,,,,,,,,,,,,,,,,,,,,,,,,,,,,,,,,,,,,,,,,,,,,,,,,,,,,,,,,,,,,,,,,,0,0,0,2,1,Online_whatL3//a.chu.mo2.1110.1998.wav,1998,1110,fu,do,je,sil2,chu,gu,li,sil,mo,ka,sil1,,,,,,,,,,,,,,,,,,,,,,,,,,,,,,,,,,,,,,,,,,,,,,,,,,,,,,,,,,,
,,,,,,,s114,A,2024-02-19_20h04.52.495,Unsyncopated_study2,2022.2.5,MacIntel,120.4819277,,,,,,,,,,,,,,,,,,,,,,,,,,,,,,,,,,,,,,,,,,,,,,,,,,,,,,,,,,,,,,,,,,,,,,,,,,,,,,,,,,,,,,,,,,,,,,,,,,,,,,,,,,,,,,,,,,,,,,,,,,,,,,,,,,,,,,,,,,,,"[""space""]",0,1,1,3,1,Online_whatL3//a.chu.mo3.none.none.wav,none,none,ñe,gu,li,sil,sa,je,do,sil1,ji,ka,sil2,[0.05170000000316577],,,,,,,,,,,,,,,,,,,,,,,,,,,,,,,,,,,,,,,,,,,,,,,,,,,,,,,,,,
,,,,,,,s114,A,2024-02-19_20h04.52.495,Unsyncopated_study2,2022.2.5,MacIntel,120.4819277,,,,,,,,,,,,,,,,,,,,,,,,,,,,,,,,,,,,,,,,,,,,,,,,,,,,,,,,,,,,,,,,,,,,,,,,,,,,,,,,,,,,,,,,,,,,,,,,,,,,,,,,,,,,,,,,,,,,,,,,,,,,,,,,,,,,,,,,,,,,,0,2,2,1,1,Online_whatL3//a.chu.mo1.none.none.wav,none,none,ñe,gu,ji,sil,sa,di,ga,sil2,fu,ka,sil1,,,,,,,,,,,,,,,,,,,,,,,,,,,,,,,,,,,,,,,,,,,,,,,,,,,,,,,,,,,
,,,,,,,s114,A,2024-02-19_20h04.52.495,Unsyncopated_study2,2022.2.5,MacIntel,120.4819277,,,,,,,,,,,,,,,,,,,,,,,,,,,,,,,,,,,,,,,,,,,,,,,,,,,,,,,,,,,,,,,,,,,,,,,,,,,,,,,,,,,,,,,,,,,,,,,,,,,,,,,,,,,,,,,,,,,,,,,,,,,,,,,,,,,,,,,,,,,,,0,3,3,0,1,Online_whatL3//a.chu.mo0.1110.1998.wav,1998,1110,fu,di,li,sil2,chu,ga,ko,sil,mo,le,sil1,,,,,,,,,,,,,,,,,,,,,,,,,,,,,,,,,,,,,,,,,,,,,,,,,,,,,,,,,,,
,,,,,,,s114,A,2024-02-19_20h04.52.495,Unsyncopated_study2,2022.2.5,MacIntel,120.4819277,,,,,,,,,,,,,,,,,,,,,,,,,,,,,,,,,,,,,,,,,,,,,,,,,,,,,,,,,,,,,,,,,,,,,,,,,,,,,,,,,,,,,,,,,,,,,,,,,,,,,,,,,,,,,,,,,,,,,,,,,,,,,,,,,,,,,,,,,,,,,,,,,,,,,,,,,,,,,,,,,0,24,24,21,1,mo,chu,0:4,orange,,,,,,,,,,,,,,,,,,,,,,,,,,,,,,,,,,,,,,,,,,,,,,,,,
,,,,,,,s114,A,2024-02-19_20h04.52.495,Unsyncopated_study2,2022.2.5,MacIntel,120.4819277,,,,,,,,,,,,,,,,,,,,,,,,,,,,,,,,,,,,,,,,,,,,,,,,,,,,,,,,,,,,,,,,,,,,,,,,,,,,,,,,,,,,,,,,,,,,,,,,,,,,,,,,,,,,,,,,,,,,,,,,,,,,,,,,,,,,,,,,,,,,"[""space""]",0,0,0,0,1,Online_whatL3//d.ji.li20.none.none.wav,none,none,chu,gu,fu,sil2,mo,ga,do,sil,ka,di,sil1,[0.1503999999986263],,,,,,,,,,,,,,,,,,,,,,,,,,,,,,,,,,,,,,,,,,,,,,,,,,,,,,,,,,
,,,,,,,s114,A,2024-02-19_20h04.52.495,Unsyncopated_study2,2022.2.5,MacIntel,120.4819277,,,,,,,,,,,,,,,,,,,,,,,,,,,,,,,,,,,,,,,,,,,,,,,,,,,,,,,,,,,,,,,,,,,,,,,,,,,,,,,,,,,,,,,,,,,,,,,,,,,,,,,,,,,,,,,,,,,,,,,,,,,,,,,,,,,,,,,,,,,,,0,1,1,2,1,Online_whatL3//d.ji.li22.none.none.wav,none,none,gu,ka,di,sil,ñe,do,ga,sil2,sa,ko,sil1,,,,,,,,,,,,,,,,,,,,,,,,,,,,,,,,,,,,,,,,,,,,,,,,,,,,,,,,,,,
,,,,,,,s114,A,2024-02-19_20h04.52.495,Unsyncopated_study2,2022.2.5,MacIntel,120.4819277,,,,,,,,,,,,,,,,,,,,,,,,,,,,,,,,,,,,,,,,,,,,,,,,,,,,,,,,,,,,,,,,,,,,,,,,,,,,,,,,,,,,,,,,,,,,,,,,,,,,,,,,,,,,,,,,,,,,,,,,,,,,,,,,,,,,,,,,,,,,,0,2,2,1,1,Online_whatL3//d.ji.li21.none.none.wav,none,none,di,le,ko,sil,ñe,ka,je,sil1,sa,gu,sil2,,,,,,,,,,,,,,,,,,,,,,,,,,,,,,,,,,,,,,,,,,,,,,,,,,,,,,,,,,,
,,,,,,,s114,A,2024-02-19_20h04.52.495,Unsyncopated_study2,2022.2.5,MacIntel,120.4819277,,,,,,,,,,,,,,,,,,,,,,,,,,,,,,,,,,,,,,,,,,,,,,,,,,,,,,,,,,,,,,,,,,,,,,,,,,,,,,,,,,,,,,,,,,,,,,,,,,,,,,,,,,,,,,,,,,,,,,,,,,,,,,,,,,,,,,,,,,,,"[""space""]",0,3,3,3,1,Online_whatL3//d.ji.li23.0.444.wav,0,444,ji,ko,li,sil,ñe,di,fu,sil2,sa,je,sil1,[0.754299999997329],,,,,,,,,,,,,,,,,,,,,,,,,,,,,,,,,,,,,,,,,,,,,,,,,,,,,,,,,,
,,,,,,,s114,A,2024-02-19_20h04.52.495,Unsyncopated_study2,2022.2.5,MacIntel,120.4819277,,,,,,,,,,,,,,,,,,,,,,,,,,,,,,,,,,,,,,,,,,,,,,,,,,,,,,,,,,,,,,,,,,,,,,,,,,,,,,,,,,,,,,,,,,,,,,,,,,,,,,,,,,,,,,,,,,,,,,,,,,,,,,,,,,,,,,,,,,,,,,,,,,,,,,,,,,,,,,,,,0,25,25,1,1,ji,li,116:120,green,,,,,,,,,,,,,,,,,,,,,,,,,,,,,,,,,,,,,,,,,,,,,,,,,
,,,,,,,s114,A,2024-02-19_20h04.52.495,Unsyncopated_study2,2022.2.5,MacIntel,120.4819277,,,,,,,,,,,,,,,,,,,,,,,,,,,,,,,,,,,,,,,,,,,,,,,,,,,,,,,,,,,,,,,,,,,,,,,,,,,,,,,,,,,,,,,,,,,,,,,,,,,,,,,,,,,,,,,,,,,,,,,,,,,,,,,,,,,,,,,,,,,,"[""space""]",0,0,0,2,1,Online_whatL3//a.chu.mo10.0.888.wav,888,0,chu,je,di,sil,mo,ka,ji,sil2,ko,le,sil1,[1.6123999999986154],,,,,,,,,,,,,,,,,,,,,,,,,,,,,,,,,,,,,,,,,,,,,,,,,,,,,,,,,,
,,,,,,,s114,A,2024-02-19_20h04.52.495,Unsyncopated_study2,2022.2.5,MacIntel,120.4819277,,,,,,,,,,,,,,,,,,,,,,,,,,,,,,,,,,,,,,,,,,,,,,,,,,,,,,,,,,,,,,,,,,,,,,,,,,,,,,,,,,,,,,,,,,,,,,,,,,,,,,,,,,,,,,,,,,,,,,,,,,,,,,,,,,,,,,,,,,,,,0,1,1,0,1,Online_whatL3//a.chu.mo8.none.none.wav,none,none,je,ji,li,sil2,ñe,ga,do,sil,sa,ko,sil1,,,,,,,,,,,,,,,,,,,,,,,,,,,,,,,,,,,,,,,,,,,,,,,,,,,,,,,,,,,
,,,,,,,s114,A,2024-02-19_20h04.52.495,Unsyncopated_study2,2022.2.5,MacIntel,120.4819277,,,,,,,,,,,,,,,,,,,,,,,,,,,,,,,,,,,,,,,,,,,,,,,,,,,,,,,,,,,,,,,,,,,,,,,,,,,,,,,,,,,,,,,,,,,,,,,,,,,,,,,,,,,,,,,,,,,,,,,,,,,,,,,,,,,,,,,,,,,,,0,2,2,3,1,Online_whatL3//a.chu.mo11.none.none.wav,none,none,ka,gu,ko,sil,ñe,do,ga,sil1,sa,je,sil2,,,,,,,,,,,,,,,,,,,,,,,,,,,,,,,,,,,,,,,,,,,,,,,,,,,,,,,,,,,
,,,,,,,s114,A,2024-02-19_20h04.52.495,Unsyncopated_study2,2022.2.5,MacIntel,120.4819277,,,,,,,,,,,,,,,,,,,,,,,,,,,,,,,,,,,,,,,,,,,,,,,,,,,,,,,,,,,,,,,,,,,,,,,,,,,,,,,,,,,,,,,,,,,,,,,,,,,,,,,,,,,,,,,,,,,,,,,,,,,,,,,,,,,,,,,,,,,,,0,3,3,1,1,Online_whatL3//a.chu.mo9.none.none.wav,none,none,ñe,ga,gu,sil2,sa,je,ko,sil,le,ka,sil1,,,,,,,,,,,,,,,,,,,,,,,,,,,,,,,,,,,,,,,,,,,,,,,,,,,,,,,,,,,
,,,,,,,s114,A,2024-02-19_20h04.52.495,Unsyncopated_study2,2022.2.5,MacIntel,120.4819277,,,,,,,,,,,,,,,,,,,,,,,,,,,,,,,,,,,,,,,,,,,,,,,,,,,,,,,,,,,,,,,,,,,,,,,,,,,,,,,,,,,,,,,,,,,,,,,,,,,,,,,,,,,,,,,,,,,,,,,,,,,,,,,,,,,,,,,,,,,,,,,,,,,,,,,,,,,,,,,,,0,26,26,28,1,mo,chu,8:12,orange,,,,,,,,,,,,,,,,,,,,,,,,,,,,,,,,,,,,,,,,,,,,,,,,,
,,,,,,,s114,A,2024-02-19_20h04.52.495,Unsyncopated_study2,2022.2.5,MacIntel,120.4819277,,,,,,,,,,,,,,,,,,,,,,,,,,,,,,,,,,,,,,,,,,,,,,,,,,,,,,,,,,,,,,,,,,,,,,,,,,,,,,,,,,,,,,,,,,,,,,,,,,,,,,,,,,,,,,,,,,,,,,,,,,,,,,,,,,,,,,,,,,,,"[""space""]",0,0,0,3,1,Online_whatL3//d.ji.li19.1554.222.wav,1554,222,le,li,do,sil2,chu,ka,ji,sil,mo,di,sil1,[2.2234000000057677],,,,,,,,,,,,,,,,,,,,,,,,,,,,,,,,,,,,,,,,,,,,,,,,,,,,,,,,,,
,,,,,,,s114,A,2024-02-19_20h04.52.495,Unsyncopated_study2,2022.2.5,MacIntel,120.4819277,,,,,,,,,,,,,,,,,,,,,,,,,,,,,,,,,,,,,,,,,,,,,,,,,,,,,,,,,,,,,,,,,,,,,,,,,,,,,,,,,,,,,,,,,,,,,,,,,,,,,,,,,,,,,,,,,,,,,,,,,,,,,,,,,,,,,,,,,,,,,0,1,1,0,1,Online_whatL3//d.ji.li16.1776.1110.wav,1776,1110,ñe,le,ko,sil,sa,li,je,sil1,ji,fu,sil2,,,,,,,,,,,,,,,,,,,,,,,,,,,,,,,,,,,,,,,,,,,,,,,,,,,,,,,,,,,
,,,,,,,s114,A,2024-02-19_20h04.52.495,Unsyncopated_study2,2022.2.5,MacIntel,120.4819277,,,,,,,,,,,,,,,,,,,,,,,,,,,,,,,,,,,,,,,,,,,,,,,,,,,,,,,,,,,,,,,,,,,,,,,,,,,,,,,,,,,,,,,,,,,,,,,,,,,,,,,,,,,,,,,,,,,,,,,,,,,,,,,,,,,,,,,,,,,,,0,2,2,1,1,Online_whatL3//d.ji.li17.none.none.wav,none,none,ñe,ko,gu,sil,sa,le,do,sil2,je,ga,sil1,,,,,,,,,,,,,,,,,,,,,,,,,,,,,,,,,,,,,,,,,,,,,,,,,,,,,,,,,,,
,,,,,,,s114,A,2024-02-19_20h04.52.495,Unsyncopated_study2,2022.2.5,MacIntel,120.4819277,,,,,,,,,,,,,,,,,,,,,,,,,,,,,,,,,,,,,,,,,,,,,,,,,,,,,,,,,,,,,,,,,,,,,,,,,,,,,,,,,,,,,,,,,,,,,,,,,,,,,,,,,,,,,,,,,,,,,,,,,,,,,,,,,,,,,,,,,,,,,0,3,3,2,1,Online_whatL3//d.ji.li18.222.1332.wav,222,1332,ñe,ji,di,sil2,sa,li,gu,sil,ko,fu,sil1,,,,,,,,,,,,,,,,,,,,,,,,,,,,,,,,,,,,,,,,,,,,,,,,,,,,,,,,,,,
,,,,,,,s114,A,2024-02-19_20h04.52.495,Unsyncopated_study2,2022.2.5,MacIntel,120.4819277,,,,,,,,,,,,,,,,,,,,,,,,,,,,,,,,,,,,,,,,,,,,,,,,,,,,,,,,,,,,,,,,,,,,,,,,,,,,,,,,,,,,,,,,,,,,,,,,,,,,,,,,,,,,,,,,,,,,,,,,,,,,,,,,,,,,,,,,,,,,,,,,,,,,,,,,,,,,,,,,,0,27,27,17,1,ji,li,112:116,green,,,,,,,,,,,,,,,,,,,,,,,,,,,,,,,,,,,,,,,,,,,,,,,,,
,,,,,,,s114,A,2024-02-19_20h04.52.495,Unsyncopated_study2,2022.2.5,MacIntel,120.4819277,,,,,,,,,,,,,,,,,,,,,,,,,,,,,,,,,,,,,,,,,,,,,,,,,,,,,,,,,,,,,,,,,,,,,,,,,,,,,,,,,,,,,,,,,,,,,,,,,,,,,,,,,,,,,,,,,,,,,,,,,,,,,,,,,,,,,,,,,,,,,0,0,0,3,1,Online_whatL3//d.ji.li11.none.none.wav,none,none,fu,di,ka,sil2,chu,do,je,sil,mo,le,sil1,,,,,,,,,,,,,,,,,,,,,,,,,,,,,,,,,,,,,,,,,,,,,,,,,,,,,,,,,,,
,,,,,,,s114,A,2024-02-19_20h04.52.495,Unsyncopated_study2,2022.2.5,MacIntel,120.4819277,,,,,,,,,,,,,,,,,,,,,,,,,,,,,,,,,,,,,,,,,,,,,,,,,,,,,,,,,,,,,,,,,,,,,,,,,,,,,,,,,,,,,,,,,,,,,,,,,,,,,,,,,,,,,,,,,,,,,,,,,,,,,,,,,,,,,,,,,,,,"[""space""]",0,1,1,2,1,Online_whatL3//d.ji.li10.444.0.wav,444,0,li,le,ji,sil,ñe,do,di,sil1,sa,ga,sil2,[1.2378999999982625],,,,,,,,,,,,,,,,,,,,,,,,,,,,,,,,,,,,,,,,,,,,,,,,,,,,,,,,,,
,,,,,,,s114,A,2024-02-19_20h04.52.495,Unsyncopated_study2,2022.2.5,MacIntel,120.4819277,,,,,,,,,,,,,,,,,,,,,,,,,,,,,,,,,,,,,,,,,,,,,,,,,,,,,,,,,,,,,,,,,,,,,,,,,,,,,,,,,,,,,,,,,,,,,,,,,,,,,,,,,,,,,,,,,,,,,,,,,,,,,,,,,,,,,,,,,,,,,0,2,2,0,1,Online_whatL3//d.ji.li8.none.none.wav,none,none,di,ko,do,sil,chu,ga,le,sil2,mo,je,sil1,,,,,,,,,,,,,,,,,,,,,,,,,,,,,,,,,,,,,,,,,,,,,,,,,,,,,,,,,,,
,,,,,,,s114,A,2024-02-19_20h04.52.495,Unsyncopated_study2,2022.2.5,MacIntel,120.4819277,,,,,,,,,,,,,,,,,,,,,,,,,,,,,,,,,,,,,,,,,,,,,,,,,,,,,,,,,,,,,,,,,,,,,,,,,,,,,,,,,,,,,,,,,,,,,,,,,,,,,,,,,,,,,,,,,,,,,,,,,,,,,,,,,,,,,,,,,,,,"[""space""]",0,3,3,1,1,Online_whatL3//d.ji.li9.1554.444.wav,1554,444,fu,ga,li,sil2,chu,gu,ji,sil,mo,do,sil1,[2.469899999998688],,,,,,,,,,,,,,,,,,,,,,,,,,,,,,,,,,,,,,,,,,,,,,,,,,,,,,,,,,
,,,,,,,s114,A,2024-02-19_20h04.52.495,Unsyncopated_study2,2022.2.5,MacIntel,120.4819277,,,,,,,,,,,,,,,,,,,,,,,,,,,,,,,,,,,,,,,,,,,,,,,,,,,,,,,,,,,,,,,,,,,,,,,,,,,,,,,,,,,,,,,,,,,,,,,,,,,,,,,,,,,,,,,,,,,,,,,,,,,,,,,,,,,,,,,,,,,,,,,,,,,,,,,,,,,,,,,,,0,28,28,14,1,ji,li,104:108,green,,,,,,,,,,,,,,,,,,,,,,,,,,,,,,,,,,,,,,,,,,,,,,,,,
,,,,,,,s114,A,2024-02-19_20h04.52.495,Unsyncopated_study2,2022.2.5,MacIntel,120.4819277,,,,,,,,,,,,,,,,,,,,,,,,,,,,,,,,,,,,,,,,,,,,,,,,,,,,,,,,,,,,,,,,,,,,,,,,,,,,,,,,,,,,,,,,,,,,,,,,,,,,,,,,,,,,,,,,,,,,,,,,,,,,,,,,,,,,,,,,,,,,,0,0,0,2,1,Online_whatL3//c.gu.je18.none.none.wav,none,none,ko,do,ji,sil,ñe,li,ga,sil2,sa,di,sil1,,,,,,,,,,,,,,,,,,,,,,,,,,,,,,,,,,,,,,,,,,,,,,,,,,,,,,,,,,,
,,,,,,,s114,A,2024-02-19_20h04.52.495,Unsyncopated_study2,2022.2.5,MacIntel,120.4819277,,,,,,,,,,,,,,,,,,,,,,,,,,,,,,,,,,,,,,,,,,,,,,,,,,,,,,,,,,,,,,,,,,,,,,,,,,,,,,,,,,,,,,,,,,,,,,,,,,,,,,,,,,,,,,,,,,,,,,,,,,,,,,,,,,,,,,,,,,,,,0,1,1,1,1,Online_whatL3//c.gu.je17.none.none.wav,none,none,ñe,ga,li,sil2,sa,ko,ji,sil,do,ka,sil1,,,,,,,,,,,,,,,,,,,,,,,,,,,,,,,,,,,,,,,,,,,,,,,,,,,,,,,,,,,
,,,,,,,s114,A,2024-02-19_20h04.52.495,Unsyncopated_study2,2022.2.5,MacIntel,120.4819277,,,,,,,,,,,,,,,,,,,,,,,,,,,,,,,,,,,,,,,,,,,,,,,,,,,,,,,,,,,,,,,,,,,,,,,,,,,,,,,,,,,,,,,,,,,,,,,,,,,,,,,,,,,,,,,,,,,,,,,,,,,,,,,,,,,,,,,,,,,,"[""space""]",0,2,2,0,1,Online_whatL3//c.gu.je16.1332.444.wav,1332,444,chu,fu,je,sil,mo,di,gu,sil1,li,ko,sil2,[2.192800000004354],,,,,,,,,,,,,,,,,,,,,,,,,,,,,,,,,,,,,,,,,,,,,,,,,,,,,,,,,,
,,,,,,,s114,A,2024-02-19_20h04.52.495,Unsyncopated_study2,2022.2.5,MacIntel,120.4819277,,,,,,,,,,,,,,,,,,,,,,,,,,,,,,,,,,,,,,,,,,,,,,,,,,,,,,,,,,,,,,,,,,,,,,,,,,,,,,,,,,,,,,,,,,,,,,,,,,,,,,,,,,,,,,,,,,,,,,,,,,,,,,,,,,,,,,,,,,,,"[""space""]",0,3,3,3,1,Online_whatL3//c.gu.je19.0.1110.wav,0,1110,gu,do,li,sil,ñe,je,ji,sil2,sa,di,sil1,[0.8847000000032494],,,,,,,,,,,,,,,,,,,,,,,,,,,,,,,,,,,,,,,,,,,,,,,,,,,,,,,,,,
,,,,,,,s114,A,2024-02-19_20h04.52.495,Unsyncopated_study2,2022.2.5,MacIntel,120.4819277,,,,,,,,,,,,,,,,,,,,,,,,,,,,,,,,,,,,,,,,,,,,,,,,,,,,,,,,,,,,,,,,,,,,,,,,,,,,,,,,,,,,,,,,,,,,,,,,,,,,,,,,,,,,,,,,,,,,,,,,,,,,,,,,,,,,,,,,,,,,,,,,,,,,,,,,,,,,,,,,,0,29,29,18,1,gu,je,80:84,blue,,,,,,,,,,,,,,,,,,,,,,,,,,,,,,,,,,,,,,,,,,,,,,,,,
,,,,,,,s114,A,2024-02-19_20h04.52.495,Unsyncopated_study2,2022.2.5,MacIntel,120.4819277,,,,,,,,,,,,,,,,,,,,,,,,,,,,,,,,,,,,,,,,,,,,,,,,,,,,,,,,,,,,,,,,,,,,,,,,,,,,,,,,,,,,,,,,,,,,,,,,,,,,,,,,,,,,,,,,,,,,,,,,,,,,,,,,,,,,,,,,,,,,,0,0,0,1,1,Online_whatL3//d.ji.li5.none.none.wav,none,none,le,ka,di,sil,chu,fu,ko,sil2,mo,gu,sil1,,,,,,,,,,,,,,,,,,,,,,,,,,,,,,,,,,,,,,,,,,,,,,,,,,,,,,,,,,,
,,,,,,,s114,A,2024-02-19_20h04.52.495,Unsyncopated_study2,2022.2.5,MacIntel,120.4819277,,,,,,,,,,,,,,,,,,,,,,,,,,,,,,,,,,,,,,,,,,,,,,,,,,,,,,,,,,,,,,,,,,,,,,,,,,,,,,,,,,,,,,,,,,,,,,,,,,,,,,,,,,,,,,,,,,,,,,,,,,,,,,,,,,,,,,,,,,,,"[""space""]",0,1,1,3,1,Online_whatL3//d.ji.li7.1332.1554.wav,1332,1554,ñe,ga,ka,sil2,sa,ji,li,sil,gu,do,sil1,[2.1676000000015847],,,,,,,,,,,,,,,,,,,,,,,,,,,,,,,,,,,,,,,,,,,,,,,,,,,,,,,,,,
,,,,,,,s114,A,2024-02-19_20h04.52.495,Unsyncopated_study2,2022.2.5,MacIntel,120.4819277,,,,,,,,,,,,,,,,,,,,,,,,,,,,,,,,,,,,,,,,,,,,,,,,,,,,,,,,,,,,,,,,,,,,,,,,,,,,,,,,,,,,,,,,,,,,,,,,,,,,,,,,,,,,,,,,,,,,,,,,,,,,,,,,,,,,,,,,,,,,"[""space""]",0,2,2,2,1,Online_whatL3//d.ji.li6.222.1110.wav,222,1110,ko,ji,ka,sil,ñe,li,di,sil2,sa,ga,sil1,[1.134600000001683],,,,,,,,,,,,,,,,,,,,,,,,,,,,,,,,,,,,,,,,,,,,,,,,,,,,,,,,,,
,,,,,,,s114,A,2024-02-19_20h04.52.495,Unsyncopated_study2,2022.2.5,MacIntel,120.4819277,,,,,,,,,,,,,,,,,,,,,,,,,,,,,,,,,,,,,,,,,,,,,,,,,,,,,,,,,,,,,,,,,,,,,,,,,,,,,,,,,,,,,,,,,,,,,,,,,,,,,,,,,,,,,,,,,,,,,,,,,,,,,,,,,,,,,,,,,,,,,0,3,3,0,1,Online_whatL3//d.ji.li4.none.none.wav,none,none,chu,je,ko,sil,mo,ga,le,sil2,do,di,sil1,,,,,,,,,,,,,,,,,,,,,,,,,,,,,,,,,,,,,,,,,,,,,,,,,,,,,,,,,,,
,,,,,,,s114,A,2024-02-19_20h04.52.495,Unsyncopated_study2,2022.2.5,MacIntel,120.4819277,,,,,,,,,,,,,,,,,,,,,,,,,,,,,,,,,,,,,,,,,,,,,,,,,,,,,,,,,,,,,,,,,,,,,,,,,,,,,,,,,,,,,,,,,,,,,,,,,,,,,,,,,,,,,,,,,,,,,,,,,,,,,,,,,,,,,,,,,,,,,,,,,,,,,,,,,,,,,,,,,0,30,30,6,1,ji,li,100:104,green,,,,,,,,,,,,,,,,,,,,,,,,,,,,,,,,,,,,,,,,,,,,,,,,,
,,,,,,,s114,A,2024-02-19_20h04.52.495,Unsyncopated_study2,2022.2.5,MacIntel,120.4819277,,,,,,,,,,,,,,,,,,,,,,,,,,,,,,,,,,,,,,,,,,,,,,,,,,,,,,,,,,,,,,,,,,,,,,,,,,,,,,,,,,,,,,,,,,,,,,,,,,,,,,,,,,,,,,,,,,,,,,,,,,,,,,,,,,,,,,,,,,,,,0,0,0,1,1,Online_whatL3//a.chu.mo17.888.1998.wav,1998,888,je,le,ji,sil,chu,do,fu,sil2,mo,li,sil1,,,,,,,,,,,,,,,,,,,,,,,,,,,,,,,,,,,,,,,,,,,,,,,,,,,,,,,,,,,
,,,,,,,s114,A,2024-02-19_20h04.52.495,Unsyncopated_study2,2022.2.5,MacIntel,120.4819277,,,,,,,,,,,,,,,,,,,,,,,,,,,,,,,,,,,,,,,,,,,,,,,,,,,,,,,,,,,,,,,,,,,,,,,,,,,,,,,,,,,,,,,,,,,,,,,,,,,,,,,,,,,,,,,,,,,,,,,,,,,,,,,,,,,,,,,,,,,,"[""space""]",0,1,1,3,1,Online_whatL3//a.chu.mo19.none.none.wav,none,none,ga,gu,ji,sil,ñe,ko,je,sil2,sa,li,sil1,[0.17529999999715073],,,,,,,,,,,,,,,,,,,,,,,,,,,,,,,,,,,,,,,,,,,,,,,,,,,,,,,,,,
,,,,,,,s114,A,2024-02-19_20h04.52.495,Unsyncopated_study2,2022.2.5,MacIntel,120.4819277,,,,,,,,,,,,,,,,,,,,,,,,,,,,,,,,,,,,,,,,,,,,,,,,,,,,,,,,,,,,,,,,,,,,,,,,,,,,,,,,,,,,,,,,,,,,,,,,,,,,,,,,,,,,,,,,,,,,,,,,,,,,,,,,,,,,,,,,,,,,"[""space""]",0,2,2,2,1,Online_whatL3//a.chu.mo18.0.888.wav,888,0,chu,le,ko,sil,mo,ka,li,sil1,gu,je,sil2,[1.68060000000105],,,,,,,,,,,,,,,,,,,,,,,,,,,,,,,,,,,,,,,,,,,,,,,,,,,,,,,,,,
,,,,,,,s114,A,2024-02-19_20h04.52.495,Unsyncopated_study2,2022.2.5,MacIntel,120.4819277,,,,,,,,,,,,,,,,,,,,,,,,,,,,,,,,,,,,,,,,,,,,,,,,,,,,,,,,,,,,,,,,,,,,,,,,,,,,,,,,,,,,,,,,,,,,,,,,,,,,,,,,,,,,,,,,,,,,,,,,,,,,,,,,,,,,,,,,,,,,"[""space""]",0,3,3,0,1,Online_whatL3//a.chu.mo16.0.1110.wav,1110,0,chu,ga,gu,sil2,mo,li,fu,sil,do,ka,sil1,[1.7642999999966378],,,,,,,,,,,,,,,,,,,,,,,,,,,,,,,,,,,,,,,,,,,,,,,,,,,,,,,,,,
,,,,,,,s114,A,2024-02-19_20h04.52.495,Unsyncopated_study2,2022.2.5,MacIntel,120.4819277,,,,,,,,,,,,,,,,,,,,,,,,,,,,,,,,,,,,,,,,,,,,,,,,,,,,,,,,,,,,,,,,,,,,,,,,,,,,,,,,,,,,,,,,,,,,,,,,,,,,,,,,,,,,,,,,,,,,,,,,,,,,,,,,,,,,,,,,,,,,,,,,,,,,,,,,,,,,,,,,,0,31,31,31,1,mo,chu,16:20,orange,,,,,,,,,,,,,,,,,,,,,,,,,,,,,,,,,,,,,,,,,,,,,,,,,
,,,,,,,s114,A,2024-02-19_20h04.52.495,Unsyncopated_study2,2022.2.5,MacIntel,120.4819277,,,,,,,,,,,,,,,,,,,,,,,,,,,,,,,,,,,,,,,,,,,,,,,,,,,,,,,,,,,,,,,,,,,,,,,,,,,,,,,,,,,,,,,,,,,,,,,,,,,,,,,,,,,,,,,,,,,,,,,,,,,,,,,,,,,,,,,,,,,,,,,,,,,,,le,fu,ga,sil,di,chu,je,sil1,do,mo,sil2,,,,,,,,,,,space,1.2546,space,0.8469,m,0.7653,5,0.9903,0,0,0,21,1,testWhatL3Uns//time_viol.r1.s2.0.wav,,,,,,,,,,,,,,,,,,,,,,,,,,,,,,,,,,,
,,,,,,,s114,A,2024-02-19_20h04.52.495,Unsyncopated_study2,2022.2.5,MacIntel,120.4819277,,,,,,,,,,,,,,,,,,,,,,,,,,,,,,,,,,,,,,,,,,,,,,,,,,,,,,,,,,,,,,,,,,,,,,,,,,,,,,,,,,,,,,,,,,,,,,,,,,,,,,,,,,,,,,,,,,,,,,,,,,,,,,,,,,,,,,,,,,,,,,,,,,,,,ka,je,gu,sil,chu,ji,li,sil1,mo,ga,sil2,,,,,,,,,,,,,,,z,0.1571,6,0.5402,0,1,1,11,1,testWhatL3Uns//r1.s2.0.wav,,,,,,,,,,,,,,,,,,,,,,,,,,,,,,,,,,,
,,,,,,,s114,A,2024-02-19_20h04.52.495,Unsyncopated_study2,2022.2.5,MacIntel,120.4819277,,,,,,,,,,,,,,,,,,,,,,,,,,,,,,,,,,,,,,,,,,,,,,,,,,,,,,,,,,,,,,,,,,,,,,,,,,,,,,,,,,,,,,,,,,,,,,,,,,,,,,,,,,,,,,,,,,,,,,,,,,,,,,,,,,,,,,,,,,,,,,,,,,,,,sa,li,je,sil,ñe,le,di,sil1,ka,do,sil2,,,,,,,,,,,,,,,z,0.464,6,0.4013,0,2,2,2,1,testWhatL3Uns//cat_viol.r2.s1.0.wav,,,,,,,,,,,,,,,,,,,,,,,,,,,,,,,,,,,
,,,,,,,s114,A,2024-02-19_20h04.52.495,Unsyncopated_study2,2022.2.5,MacIntel,120.4819277,,,,,,,,,,,,,,,,,,,,,,,,,,,,,,,,,,,,,,,,,,,,,,,,,,,,,,,,,,,,,,,,,,,,,,,,,,,,,,,,,,,,,,,,,,,,,,,,,,,,,,,,,,,,,,,,,,,,,,,,,,,,,,,,,,,,,,,,,,,,,,,,,,,,,chu,ga,gu,sil,ko,ka,li,sil1,le,ji,sil2,,,,,,,,,,,,,,,z,0.3751,6,0.4849,0,3,3,4,1,testWhatL3Uns//dep_viol.r1.s1.0.wav,,,,,,,,,,,,,,,,,,,,,,,,,,,,,,,,,,,
,,,,,,,s114,A,2024-02-19_20h04.52.495,Unsyncopated_study2,2022.2.5,MacIntel,120.4819277,,,,,,,,,,,,,,,,,,,,,,,,,,,,,,,,,,,,,,,,,,,,,,,,,,,,,,,,,,,,,,,,,,,,,,,,,,,,,,,,,,,,,,,,,,,,,,,,,,,,,,,,,,,,,,,,,,,,,,,,,,,,,,,,,,,,,,,,,,,,,,,,,,,,,ñe,ko,le,sil,sa,ka,do,sil1,ga,fu,sil2,,,,,,,,,,,,,,,m,0.2198,3,0.6295,0,4,4,14,1,testWhatL3Uns//r2.s1.0.wav,,,,,,,,,,,,,,,,,,,,,,,,,,,,,,,,,,,
,,,,,,,s114,A,2024-02-19_20h04.52.495,Unsyncopated_study2,2022.2.5,MacIntel,120.4819277,,,,,,,,,,,,,,,,,,,,,,,,,,,,,,,,,,,,,,,,,,,,,,,,,,,,,,,,,,,,,,,,,,,,,,,,,,,,,,,,,,,,,,,,,,,,,,,,,,,,,,,,,,,,,,,,,,,,,,,,,,,,,,,,,,,,,,,,,,,,,,,,,,,,,li,le,di,sil,ñe,ga,je,sil1,sa,gu,sil2,,,,,,,,,,,,,,,z,0.2922,6,0.7012,0,5,5,17,1,testWhatL3Uns//r2.s2.0.wav,,,,,,,,,,,,,,,,,,,,,,,,,,,,,,,,,,,
,,,,,,,s114,A,2024-02-19_20h04.52.495,Unsyncopated_study2,2022.2.5,MacIntel,120.4819277,,,,,,,,,,,,,,,,,,,,,,,,,,,,,,,,,,,,,,,,,,,,,,,,,,,,,,,,,,,,,,,,,,,,,,,,,,,,,,,,,,,,,,,,,,,,,,,,,,,,,,,,,,,,,,,,,,,,,,,,,,,,,,,,,,,,,,,,,,,,,,,,,,,,,ji,ñe,li,sil,gu,sa,ka,sil1,fu,do,sil2,,,,,,,,,,,,,,,z,0.4277,6,1.0472,0,6,6,22,1,testWhatL3Uns//time_viol.r2.s1.0.wav,,,,,,,,,,,,,,,,,,,,,,,,,,,,,,,,,,,
,,,,,,,s114,A,2024-02-19_20h04.52.495,Unsyncopated_study2,2022.2.5,MacIntel,120.4819277,,,,,,,,,,,,,,,,,,,,,,,,,,,,,,,,,,,,,,,,,,,,,,,,,,,,,,,,,,,,,,,,,,,,,,,,,,,,,,,,,,,,,,,,,,,,,,,,,,,,,,,,,,,,,,,,,,,,,,,,,,,,,,,,,,,,,,,,,,,,,,,,,,,,,ka,fu,le,sil,ñe,ga,do,sil1,sa,di,sil2,,,,,,,,,,,,,,,m,0.7373,5,1.1495,0,7,7,18,1,testWhatL3Uns//r2.s2.1.wav,,,,,,,,,,,,,,,,,,,,,,,,,,,,,,,,,,,
,,,,,,,s114,A,2024-02-19_20h04.52.495,Unsyncopated_study2,2022.2.5,MacIntel,120.4819277,,,,,,,,,,,,,,,,,,,,,,,,,,,,,,,,,,,,,,,,,,,,,,,,,,,,,,,,,,,,,,,,,,,,,,,,,,,,,,,,,,,,,,,,,,,,,,,,,,,,,,,,,,,,,,,,,,,,,,,,,,,,,,,,,,,,,,,,,,,,,,,,,,,,,do,gu,ga,sil,mo,ji,li,sil1,chu,ko,sil2,,,,,,,,,,,,,,,z,0.5174,6,0.4326,0,8,8,1,1,testWhatL3Uns//cat_viol.r1.s2.0.wav,,,,,,,,,,,,,,,,,,,,,,,,,,,,,,,,,,,
,,,,,,,s114,A,2024-02-19_20h04.52.495,Unsyncopated_study2,2022.2.5,MacIntel,120.4819277,,,,,,,,,,,,,,,,,,,,,,,,,,,,,,,,,,,,,,,,,,,,,,,,,,,,,,,,,,,,,,,,,,,,,,,,,,,,,,,,,,,,,,,,,,,,,,,,,,,,,,,,,,,,,,,,,,,,,,,,,,,,,,,,,,,,,,,,,,,,,,,,,,,,,chu,gu,fu,sil,mo,do,je,sil1,ko,di,sil2,,,,,,,,,,,,,,,m,1.3091,5,0.8207,0,9,9,10,1,testWhatL3Uns//r1.s1.2.wav,,,,,,,,,,,,,,,,,,,,,,,,,,,,,,,,,,,
,,,,,,,s114,A,2024-02-19_20h04.52.495,Unsyncopated_study2,2022.2.5,MacIntel,120.4819277,,,,,,,,,,,,,,,,,,,,,,,,,,,,,,,,,,,,,,,,,,,,,,,,,,,,,,,,,,,,,,,,,,,,,,,,,,,,,,,,,,,,,,,,,,,,,,,,,,,,,,,,,,,,,,,,,,,,,,,,,,,,,,,,,,,,,,,,,,,,,,,,,,,,,ga,ka,je,sil,chu,ji,le,sil1,li,di,sil2,,,,,,,,,,,,,,,z,0.5944,6,0.6732,0,10,10,5,1,testWhatL3Uns//dep_viol.r1.s2.0.wav,,,,,,,,,,,,,,,,,,,,,,,,,,,,,,,,,,,
,,,,,,,s114,A,2024-02-19_20h04.52.495,Unsyncopated_study2,2022.2.5,MacIntel,120.4819277,,,,,,,,,,,,,,,,,,,,,,,,,,,,,,,,,,,,,,,,,,,,,,,,,,,,,,,,,,,,,,,,,,,,,,,,,,,,,,,,,,,,,,,,,,,,,,,,,,,,,,,,,,,,,,,,,,,,,,,,,,,,,,,,,,,,,,,,,,,,,,,,,,,,,ko,ga,ka,sil,ñe,le,di,sil1,sa,je,sil2,,,,,,,,,,,,,,,z,0.6228,6,0.5119,0,11,11,19,1,testWhatL3Uns//r2.s2.2.wav,,,,,,,,,,,,,,,,,,,,,,,,,,,,,,,,,,,
,,,,,,,s114,A,2024-02-19_20h04.52.495,Unsyncopated_study2,2022.2.5,MacIntel,120.4819277,,,,,,,,,,,,,,,,,,,,,,,,,,,,,,,,,,,,,,,,,,,,,,,,,,,,,,,,,,,,,,,,,,,,,,,,,,,,,,,,,,,,,,,,,,,,,,,,,,,,,,,,,,,,,,,,,,,,,,,,,,,,,,,,,,,,,,,,,,,,,,,,,,,,,ñe,le,je,sil,ji,ga,gu,sil1,do,di,sil2,,,,,,,,,,,,,,,m,0.0572,3,0.3051,0,12,12,6,1,testWhatL3Uns//dep_viol.r2.s1.0.wav,,,,,,,,,,,,,,,,,,,,,,,,,,,,,,,,,,,
,,,,,,,s114,A,2024-02-19_20h04.52.495,Unsyncopated_study2,2022.2.5,MacIntel,120.4819277,,,,,,,,,,,,,,,,,,,,,,,,,,,,,,,,,,,,,,,,,,,,,,,,,,,,,,,,,,,,,,,,,,,,,,,,,,,,,,,,,,,,,,,,,,,,,,,,,,,,,,,,,,,,,,,,,,,,,,,,,,,,,,,,,,,,,,,,,,,,,,,,,,,,,ñe,le,do,sil,sa,di,ji,sil1,gu,li,sil2,,,,,,,,,,,,,,,m,0.3164,6,0.1667,0,13,13,16,1,testWhatL3Uns//r2.s1.2.wav,,,,,,,,,,,,,,,,,,,,,,,,,,,,,,,,,,,
,,,,,,,s114,A,2024-02-19_20h04.52.495,Unsyncopated_study2,2022.2.5,MacIntel,120.4819277,,,,,,,,,,,,,,,,,,,,,,,,,,,,,,,,,,,,,,,,,,,,,,,,,,,,,,,,,,,,,,,,,,,,,,,,,,,,,,,,,,,,,,,,,,,,,,,,,,,,,,,,,,,,,,,,,,,,,,,,,,,,,,,,,,,,,,,,,,,,,,,,,,,,,je,le,do,sil,chu,ga,ka,sil1,mo,li,sil2,,,,,,,,,,,,,,,z,0.2658,7,0.3719,0,14,14,12,1,testWhatL3Uns//r1.s2.1.wav,,,,,,,,,,,,,,,,,,,,,,,,,,,,,,,,,,,
,,,,,,,s114,A,2024-02-19_20h04.52.495,Unsyncopated_study2,2022.2.5,MacIntel,120.4819277,,,,,,,,,,,,,,,,,,,,,,,,,,,,,,,,,,,,,,,,,,,,,,,,,,,,,,,,,,,,,,,,,,,,,,,,,,,,,,,,,,,,,,,,,,,,,,,,,,,,,,,,,,,,,,,,,,,,,,,,,,,,,,,,,,,,,,,,,,,,,,,,,,,,,chu,je,gu,sil,mo,ka,ga,sil1,do,fu,sil2,,,,,,,,,,,,,,,z,0.3843,6,0.3283,0,15,15,8,1,testWhatL3Uns//r1.s1.0.wav,,,,,,,,,,,,,,,,,,,,,,,,,,,,,,,,,,,
,,,,,,,s114,A,2024-02-19_20h04.52.495,Unsyncopated_study2,2022.2.5,MacIntel,120.4819277,,,,,,,,,,,,,,,,,,,,,,,,,,,,,,,,,,,,,,,,,,,,,,,,,,,,,,,,,,,,,,,,,,,,,,,,,,,,,,,,,,,,,,,,,,,,,,,,,,,,,,,,,,,,,,,,,,,,,,,,,,,,,,,,,,,,,,,,,,,,,,,,,,,,,chu,li,di,sil,mo,gu,ko,sil1,le,je,sil2,,,,,,,,,,,,,,,m,0.2523,6,0.6382,0,16,16,9,1,testWhatL3Uns//r1.s1.1.wav,,,,,,,,,,,,,,,,,,,,,,,,,,,,,,,,,,,
,,,,,,,s114,A,2024-02-19_20h04.52.495,Unsyncopated_study2,2022.2.5,MacIntel,120.4819277,,,,,,,,,,,,,,,,,,,,,,,,,,,,,,,,,,,,,,,,,,,,,,,,,,,,,,,,,,,,,,,,,,,,,,,,,,,,,,,,,,,,,,,,,,,,,,,,,,,,,,,,,,,,,,,,,,,,,,,,,,,,,,,,,,,,,,,,,,,,,,,,,,,,,mo,li,ka,sil,chu,gu,ga,sil1,fu,di,sil2,,,,,,,,,,,,,,,z,0.1985,6,0.5249,0,17,17,0,1,testWhatL3Uns//cat_viol.r1.s1.0.wav,,,,,,,,,,,,,,,,,,,,,,,,,,,,,,,,,,,
,,,,,,,s114,A,2024-02-19_20h04.52.495,Unsyncopated_study2,2022.2.5,MacIntel,120.4819277,,,,,,,,,,,,,,,,,,,,,,,,,,,,,,,,,,,,,,,,,,,,,,,,,,,,,,,,,,,,,,,,,,,,,,,,,,,,,,,,,,,,,,,,,,,,,,,,,,,,,,,,,,,,,,,,,,,,,,,,,,,,,,,,,,,,,,,,,,,,,,,,,,,,,je,ko,gu,sil,sa,ga,fu,sil1,ñe,le,sil2,,,,,,,,,,,,,,,z,0.9462,4,0.6053,0,18,18,3,1,testWhatL3Uns//cat_viol.r2.s2.0.wav,,,,,,,,,,,,,,,,,,,,,,,,,,,,,,,,,,,
,,,,,,,s114,A,2024-02-19_20h04.52.495,Unsyncopated_study2,2022.2.5,MacIntel,120.4819277,,,,,,,,,,,,,,,,,,,,,,,,,,,,,,,,,,,,,,,,,,,,,,,,,,,,,,,,,,,,,,,,,,,,,,,,,,,,,,,,,,,,,,,,,,,,,,,,,,,,,,,,,,,,,,,,,,,,,,,,,,,,,,,,,,,,,,,,,,,,,,,,,,,,,do,ka,ji,sil,chu,le,je,sil1,mo,ga,sil2,,,,,,,,,,,,,,,m,0.1261,5,0.2187,0,19,19,13,1,testWhatL3Uns//r1.s2.2.wav,,,,,,,,,,,,,,,,,,,,,,,,,,,,,,,,,,,
,,,,,,,s114,A,2024-02-19_20h04.52.495,Unsyncopated_study2,2022.2.5,MacIntel,120.4819277,,,,,,,,,,,,,,,,,,,,,,,,,,,,,,,,,,,,,,,,,,,,,,,,,,,,,,,,,,,,,,,,,,,,,,,,,,,,,,,,,,,,,,,,,,,,,,,,,,,,,,,,,,,,,,,,,,,,,,,,,,,,,,,,,,,,,,,,,,,,,,,,,,,,,le,ga,li,sil,ñe,gu,do,sil1,je,ji,sil2,,,,,,,,,,,,,,,z,0.2754,6,0.2115,0,20,20,7,1,testWhatL3Uns//dep_viol.r2.s2.0.wav,,,,,,,,,,,,,,,,,,,,,,,,,,,,,,,,,,,
,,,,,,,s114,A,2024-02-19_20h04.52.495,Unsyncopated_study2,2022.2.5,MacIntel,120.4819277,,,,,,,,,,,,,,,,,,,,,,,,,,,,,,,,,,,,,,,,,,,,,,,,,,,,,,,,,,,,,,,,,,,,,,,,,,,,,,,,,,,,,,,,,,,,,,,,,,,,,,,,,,,,,,,,,,,,,,,,,,,,,,,,,,,,,,,,,,,,,,,,,,,,,ñe,di,ji,sil,sa,je,li,sil1,gu,ga,sil2,,,,,,,,,,,,,,,m,0.1919,5,0.4598,0,21,21,15,1,testWhatL3Uns//r2.s1.1.wav,,,,,,,,,,,,,,,,,,,,,,,,,,,,,,,,,,,
,,,,,,,s114,A,2024-02-19_20h04.52.495,Unsyncopated_study2,2022.2.5,MacIntel,120.4819277,,,,,,,,,,,,,,,,,,,,,,,,,,,,,,,,,,,,,,,,,,,,,,,,,,,,,,,,,,,,,,,,,,,,,,,,,,,,,,,,,,,,,,,,,,,,,,,,,,,,,,,,,,,,,,,,,,,,,,,,,,,,,,,,,,,,,,,,,,,,,,,,,,,,,ji,chu,le,sil,je,mo,ka,sil1,li,do,sil2,,,,,,,,,,,,,,,z,0.9128,5,1.7287,0,22,22,20,1,testWhatL3Uns//time_viol.r1.s1.0.wav,,,,,,,,,,,,,,,,,,,,,,,,,,,,,,,,,,,
,,,,,,,s114,A,2024-02-19_20h04.52.495,Unsyncopated_study2,2022.2.5,MacIntel,120.4819277,,,,,,,,,,,,,,,,,,,,,,,,,,,,,,,,,,,,,,,,,,,,,,,,,,,,,,,,,,,,,,,,,,,,,,,,,,,,,,,,,,,,,,,,,,,,,,,,,,,,,,,,,,,,,,,,,,,,,,,,,,,,,,,,,,,,,,,,,,,,,,,,,,,,,le,ji,ka,sil,do,ñe,li,sil1,ko,sa,sil2,,,,,,,,,,,,,,,m,0.5681,3,0.4776,0,23,23,23,1,testWhatL3Uns//time_viol.r2.s2.0.wav,,,,,,,,,,,,,,,,,,,,,,,,,,,,,,,,,,,
,,,,,,,s114,A,2024-02-19_20h04.52.495,Unsyncopated_study2,2022.2.5,MacIntel,120.4819277,,,,,,,,,,,,,,,,,,,,,,,,,,,,,,,,,,,,,,,,,,,,,,,,,,,,,,,,,,,,,,,,,,,,,,,,,,,,,,,,,,,,,,,,,,,,,,,,,,,,,,,,,,,,,,,,,,,,,,,,,,,,,,,,,,,,,,,,,,,,,,,,,,,,,,,,,,,,,,,,,,,,,,,,,,,,,,,,,,,,,,,,space,1.8999,0,3,3,1,1,WhatL3_un.csv,dir_Online_whatL3_un.csv,Test_What_UnL3.csv,WhatL3_un.wav,,,,,,,,,,,,,,,,,,,,,,,,
,,,,,,,s114,A,2024-02-19_20h04.52.495,Unsyncopated_study2,2022.2.5,MacIntel,120.4819277,,,,,,,,,,,,,,,,,,,,,,,,,,,,,,,,,,,,,,,,,,,,,,,,,,,,,,,,,,,,,,,,,,,,,,,,,,,,,,,,,,,,,,,,,,,,,,,,,,,,,,,,,,,,,,,,,,,,,,,,,,,,,,,,,,,,,,,,,,,,,,,,,,,,,,,,,,,,,,,,,,,,,,,,,,,,,,,,,,,,,,,,,,,,,,,,,,,space,3.3714,,,,,,,,,,,,,,,,,,,,,,
,,,,,,,s114,A,2024-02-19_20h04.52.495,Unsyncopated_study2,2022.2.5,MacIntel,120.4819277,,,,,,,,,,,,,,,,,,,,,,,,,,,,,,,,,,,,,,,,,,,,,,,,,,,,,,,,,,,,,,,,,,,,,,,,,,,,,,,,,,,,,,,,,,,,,,,,,,,,,,,,,,,,,,,,,,,,,,,,,,,,,,,,,,,,,,,,,,,,,,,,,,,,,,,,,,,,,,,,,,,,,,,,,,,,,,,,,,,,,,,,,,,,,,,,,,,,,2,2.8979,0,0,0,0,1,¿Cuál de los cuatro lenguajes te parece más complejo?,ConjL2_un.wav,WhatL3_un.wav,WhenL4_un.wav,ConjL1_syn.wav,,,,,,,,,,
,,,,,,,s114,A,2024-02-19_20h04.52.495,Unsyncopated_study2,2022.2.5,MacIntel,120.4819277,,,,,,,,,,,,,,,,,,,,,,,,,,,,,,,,,,,,,,,,,,,,,,,,,,,,,,,,,,,,,,,,,,,,,,,,,,,,,,,,,,,,,,,,,,,,,,,,,,,,,,,,,,,,,,,,,,,,,,,,,,,,,,,,,,,,,,,,,,,,,,,,,,,,,,,,,,,,,,,,,,,,,,,,,,,,,,,,,,,,,,,,,,,,,,,,,,,,,3,4.1863,0,1,1,1,1,¿Cuál de los cuatro lenguajes te gusta más?,ConjL2_un.wav,WhatL3_un.wav,WhenL4_un.wav,ConjL1_syn.wav,,,,,,,,,,
,,,,,,,s114,A,2024-02-19_20h04.52.495,Unsyncopated_study2,2022.2.5,MacIntel,120.4819277,,,,,,,,,,,,,,,,,,,,,,,,,,,,,,,,,,,,,,,,,,,,,,,,,,,,,,,,,,,,,,,,,,,,,,,,,,,,,,,,,,,,,,,,,,,,,,,,,,,,,,,,,,,,,,,,,,,,,,,,,,,,,,,,,,,,,,,,,,,,,,,,,,,,,,,,,,,,,,,,,,,,,,,,,,,,,,,,,,,,,,,,,,,,,,,,,,,,,,,,,,,,,,,,,space,15.7296,,,,,,,,
,,,,,,,s114,A,2024-02-19_20h04.52.495,Unsyncopated_study2,2022.2.5,MacIntel,120.4819277,,,,,,,,,,,,,,,,,,,,,,,,,,,,,,,,,,,,,,,,,,,,,,,,,,,,,,,,,,,,,,,,,,,,,,,,,,,,,,,,,,,,,,,,,,,,,,,,,,,,,,,,,,,,,,,,,,,,,,,,,,,,,,,,,,,,,,,,,,,,,,,,,,,,,,,,,,,,,,,,,,,,,,,,,,,,,,,,,,,,,,,,,,,,,,,,,,,,,,,,,,,,,,,,,,,Nada,-0.021375868,-0.025911458,1,0,0,5.8849,text_11
